20 100
50 15 31 24 49 36 19 42 38 43 10 47 13 48 13 33 18 37 28 41 33 42 43 31 47 26 17 48 21 23 25 42 36 50 21 40 28 28 16 41 20 37 16 24 14 50 39 23 35 44 31 20 34 26 40 33 47 40 36 37 38 30 43 34 27 17 14 37 11 49 15 21 35 48 44 22 45 43 42 39 37 15 35 34 20 39 29 35 18 34 44 23 34 16 28 34 38 41 41 44 
33 29 46 23 47 49 11 29 26 45 39 34 10 11 38 19 31 14 39 17 41 16 27 46 36 23 11 35 29 32 25 29 16 28 12 45 48 45 12 13 47 41 38 43 48 35 10 13 29 15 50 40 15 26 25 42 31 19 18 31 24 10 24 19 44 32 13 45 10 29 34 42 38 26 40 17 23 44 17 34 22 35 38 39 29 11 11 46 12 26 27 14 28 26 32 20 47 39 22 18 
13 20 35 38 12 44 41 30 35 18 18 34 19 33 11 30 30 25 13 33 17 31 10 15 32 37 11 16 35 13 44 44 39 31 29 28 29 26 31 29 48 12 24 29 35 19 13 29 32 34 30 38 45 30 15 24 10 27 23 10 25 49 39 32 50 19 46 12 31 36 33 46 45 27 22 10 48 12 41 49 33 30 38 31 19 29 41 27 43 15 20 24 38 48 39 18 38 11 45 14 
42 20 23 25 39 11 12 30 39 39 44 21 12 36 25 44 28 42 41 12 28 43 49 19 16 43 33 33 13 25 42 33 13 20 12 36 21 23 48 37 34 14 47 38 17 21 33 46 43 12 44 47 14 24 10 12 28 33 42 26 15 24 26 49 17 42 46 21 10 32 36 40 22 23 27 28 34 26 37 25 38 11 30 32 30 20 17 45 23 27 40 28 22 44 40 17 11 21 41 46 
48 31 17 26 36 40 37 41 35 38 27 30 33 40 14 34 49 42 40 10 37 44 35 26 39 25 20 36 36 23 30 11 39 47 48 43 32 46 42 44 15 34 48 46 10 27 47 32 26 48 18 26 29 29 30 48 12 19 37 21 15 42 38 20 31 11 36 34 11 31 39 42 37 19 34 36 36 30 49 50 23 24 29 26 40 17 21 37 35 28 14 25 38 39 46 12 16 48 23 44 
18 37 23 41 22 30 18 24 21 37 16 24 45 31 40 44 37 13 38 18 21 38 50 42 36 26 24 47 13 27 27 14 20 29 20 43 38 48 45 13 39 42 21 14 39 30 36 10 29 30 23 14 31 28 14 42 25 23 22 20 20 49 36 27 29 27 11 11 14 44 11 25 47 50 45 38 16 18 11 37 30 48 35 48 26 44 33 15 25 18 40 30 20 41 14 22 19 14 50 27 
27 20 30 16 47 34 27 29 14 16 19 11 17 17 44 18 34 41 46 12 18 49 31 50 23 41 19 37 11 28 23 50 14 46 28 49 43 15 17 44 11 37 43 44 12 17 15 25 24 43 45 20 32 41 25 14 17 34 43 10 28 29 13 38 18 18 22 36 44 24 22 14 50 40 39 20 39 15 26 46 31 21 37 46 17 50 43 16 20 37 49 17 15 30 15 28 25 26 49 37 
24 21 39 33 38 14 21 45 47 28 30 17 32 17 41 32 49 18 19 27 28 10 15 34 44 13 19 17 44 22 33 44 39 12 21 30 25 19 13 44 27 41 12 36 29 23 12 26 44 19 46 16 25 29 16 13 28 47 48 40 28 34 36 32 28 16 35 15 47 19 16 39 17 47 33 34 48 15 39 49 46 14 45 33 17 32 16 48 46 49 37 50 35 32 12 32 15 17 20 38 
40 10 42 33 15 49 25 25 15 43 20 21 18 12 11 44 35 30 37 49 18 26 37 39 26 19 10 15 29 50 30 22 47 17 38 46 26 19 36 22 48 20 33 45 13 32 19 16 10 21 30 25 31 36 11 38 24 26 13 11 21 36 33 16 12 12 44 36 17 16 27 34 38 13 47 39 43 21 10 36 22 33 45 47 14 22 40 37 40 32 14 29 25 29 30 24 27 37 34 23 
38 32 33 29 28 37 42 19 44 15 45 25 10 41 20 41 20 17 33 24 23 46 26 14 40 49 16 49 44 41 37 43 25 20 42 17 43 11 16 24 37 20 12 27 22 49 33 33 25 24 15 27 32 22 30 15 29 44 20 11 39 45 14 32 36 30 36 45 48 10 21 28 47 49 41 44 44 11 11 29 50 13 48 32 25 29 23 13 40 13 24 34 13 14 21 23 12 36 31 36 
36 11 39 25 21 43 48 34 49 31 17 12 38 44 21 23 25 41 16 14 40 44 46 34 31 28 47 31 22 21 38 36 23 25 27 28 33 35 27 37 34 38 47 24 18 25 23 24 41 18 36 40 45 29 13 11 20 31 15 46 13 19 18 47 48 49 38 28 38 23 47 10 17 32 30 48 22 33 14 18 22 36 38 10 31 35 11 44 12 36 22 39 21 31 10 30 11 28 16 36 
34 17 46 32 45 42 30 41 45 34 29 25 23 33 35 25 21 14 37 45 24 47 17 40 42 27 47 27 42 17 42 40 26 34 39 14 23 44 46 23 46 42 13 24 43 18 13 43 40 48 43 50 13 14 48 16 36 26 29 37 50 21 47 49 21 20 35 32 43 45 47 33 27 41 31 36 24 32 12 41 36 27 12 11 45 40 49 35 50 15 17 16 48 33 16 48 29 10 36 39 
19 39 18 45 37 22 15 36 11 18 46 15 41 11 45 43 45 11 12 21 50 31 23 44 34 32 32 43 24 48 36 25 11 50 39 14 45 27 17 41 35 35 20 19 13 27 33 14 42 47 26 40 10 40 13 32 31 29 28 18 25 24 26 21 21 50 42 36 24 24 39 24 29 46 16 49 32 33 23 35 13 13 27 14 26 14 28 17 43 24 31 15 14 43 29 15 36 39 11 20 
34 34 37 42 29 44 50 33 20 33 15 12 36 47 49 45 38 17 19 32 19 43 43 17 16 10 21 36 24 49 30 20 15 41 41 24 17 10 27 45 26 42 44 14 10 29 19 13 29 40 14 28 13 22 39 23 22 49 13 29 19 15 29 24 35 42 36 23 39 36 31 12 22 43 14 27 24 35 37 18 26 43 36 35 21 48 49 12 24 43 10 19 41 28 37 43 41 42 39 48 
40 42 39 45 22 27 30 34 26 46 17 18 20 35 17 42 22 32 33 23 19 50 11 31 49 42 14 21 25 13 23 27 35 13 38 30 46 36 25 18 28 30 49 30 47 34 47 38 21 38 50 31 49 14 46 47 28 41 17 47 26 19 32 49 18 50 33 32 34 37 49 43 28 29 32 49 24 26 48 49 47 38 50 32 36 50 21 48 27 39 33 25 44 49 25 38 50 35 40 17 
15 50 22 48 48 30 43 50 35 47 14 19 28 30 35 39 31 39 36 13 39 39 24 39 41 23 36 39 13 45 10 48 18 20 23 11 49 50 11 24 45 19 18 15 43 45 24 46 44 32 23 43 39 31 48 30 27 29 10 16 16 21 29 46 38 24 42 34 20 11 39 25 23 36 42 17 29 19 50 23 11 10 31 35 28 35 12 41 14 46 10 12 29 16 34 33 31 25 21 11 
15 32 44 43 24 40 22 50 29 38 35 43 33 41 19 44 29 19 42 10 16 16 48 28 46 31 17 49 39 37 19 40 28 12 36 47 25 19 11 10 30 18 40 31 11 42 22 47 10 21 35 18 13 17 11 22 46 14 25 30 27 42 47 12 38 45 40 25 47 14 13 41 42 22 17 18 14 19 28 16 43 26 21 41 28 10 23 34 31 25 36 16 45 28 29 24 49 49 12 24 
34 33 26 37 19 24 12 49 32 27 18 45 21 50 47 35 48 50 38 21 27 30 44 21 23 37 45 46 47 14 47 30 15 50 43 15 19 23 48 30 18 10 10 24 24 15 49 15 21 34 46 18 44 24 16 41 20 35 47 48 43 40 48 46 22 11 49 33 44 10 35 44 13 41 11 45 35 34 20 15 24 34 27 21 34 32 13 48 15 40 21 41 31 10 14 16 12 31 24 23 
37 45 22 34 17 40 26 35 18 48 49 49 13 48 42 24 15 26 30 34 33 37 27 32 30 42 41 21 25 32 21 38 50 12 32 42 37 16 10 42 46 25 31 24 32 41 17 17 29 50 34 11 19 20 41 29 41 39 32 44 23 26 50 10 33 31 19 48 41 29 36 32 50 47 44 34 45 32 40 34 19 12 48 49 47 33 27 37 50 13 30 41 14 32 28 30 45 46 32 10 
43 26 47 11 27 17 13 26 19 43 26 22 35 14 28 34 30 46 28 20 25 47 49 31 50 39 32 26 45 29 13 28 19 43 20 22 42 34 40 47 11 28 48 10 27 22 22 35 49 40 40 23 42 10 36 11 24 46 10 48 16 24 40 16 33 45 50 29 16 21 40 44 36 29 10 27 13 35 15 17 24 46 50 47 35 42 32 38 36 17 24 19 48 22 42 32 25 46 18 32 
10 6 8 22 20 24 18 18 25 14 20 10 18 24 17 21 5 16 14 6 9 11 7 21 20 5 14 14 7 12 24 12 10 21 19 13 21 6 13 19 6 12 19 20 7 8 13 24 16 5 23 22 6 11 23 11 13 24 6 6 12 23 10 7 18 16 13 13 22 6 7 19 25 5 21 21 16 8 8 5 18 9 14 8 11 15 15 19 11 18 8 19 14 16 18 7 19 17 16 21 
23 15 11 5 11 13 24 21 18 10 14 24 24 18 18 20 5 17 13 24 23 7 15 6 17 8 5 7 10 20 20 25 6 7 13 9 8 7 15 18 10 21 20 12 15 14 9 21 13 16 5 24 5 21 5 12 9 24 12 25 22 16 5 21 20 25 17 17 11 18 7 20 9 17 11 7 8 19 10 21 20 14 12 17 10 25 6 5 18 5 11 13 15 12 17 17 9 11 24 15 
5 5 22 23 18 15 13 25 10 24 12 24 15 18 15 20 21 17 13 10 17 6 16 8 23 9 9 9 24 16 12 12 11 6 5 13 16 18 25 17 21 17 10 18 7 19 9 8 11 11 25 16 16 20 14 23 9 22 21 24 13 13 18 14 18 13 13 5 7 14 22 18 9 22 9 6 9 13 10 20 6 17 9 24 12 6 11 10 12 18 20 14 12 21 12 5 8 10 5 6 
19 13 20 21 21 12 18 17 14 20 7 9 6 16 22 22 22 9 8 23 20 23 19 5 13 20 25 11 17 17 10 8 17 12 8 17 7 22 13 9 18 25 7 9 21 5 23 9 23 17 6 13 14 13 19 12 15 18 21 16 8 7 22 15 11 12 15 20 17 13 21 11 17 16 16 16 11 16 22 15 15 21 20 11 5 22 6 16 13 6 23 24 23 10 22 21 13 16 5 19 
7 7 10 22 12 6 13 22 12 14 12 17 22 18 23 9 20 16 18 10 10 20 11 17 7 9 20 6 17 13 19 25 10 18 20 6 23 14 18 20 8 18 17 21 6 10 24 17 12 16 13 16 7 18 22 19 6 20 10 24 16 18 15 7 6 12 13 23 13 21 24 21 19 25 5 24 15 23 9 23 11 18 20 5 8 5 7 9 12 14 16 15 7 6 8 15 10 15 24 17 
8 13 24 18 12 21 12 11 16 25 24 17 17 11 14 19 20 11 19 11 9 19 6 9 11 23 10 18 7 21 8 24 14 21 5 21 9 10 21 19 19 11 7 6 22 20 17 6 8 7 24 25 17 14 16 6 7 11 10 23 16 24 12 7 20 20 15 21 25 10 20 10 15 22 16 19 8 24 17 6 25 11 5 9 23 13 10 17 19 25 13 16 6 6 8 22 15 10 14 6 
24 13 6 20 19 18 5 22 13 13 10 8 20 24 24 25 9 7 16 18 9 16 23 5 19 12 15 12 13 14 24 6 22 25 23 11 24 7 6 21 24 19 18 10 6 12 18 8 7 18 12 19 25 7 18 17 7 13 19 9 8 21 17 10 8 5 20 17 8 23 5 22 18 20 11 20 21 7 22 20 25 25 21 15 15 22 14 15 18 20 12 16 17 23 9 25 25 11 15 18 
12 19 8 10 9 13 5 13 19 22 6 16 15 18 13 15 8 6 5 5 5 14 14 24 17 17 10 18 24 11 10 6 16 17 17 10 19 9 24 17 21 17 21 12 8 5 7 14 18 16 21 12 22 15 12 13 6 25 5 15 8 8 19 23 22 23 8 25 23 13 16 6 6 15 9 7 5 8 5 17 18 6 8 18 6 13 19 16 10 11 20 22 17 21 16 17 14 25 19 19 
6 25 19 7 19 25 15 15 19 21 20 19 22 19 12 6 12 16 14 9 9 7 13 25 16 22 8 9 21 16 21 13 11 15 16 13 23 17 17 10 11 13 7 25 9 21 11 19 24 24 6 25 11 7 23 7 7 18 5 8 10 16 23 10 5 15 18 8 25 9 9 7 20 9 15 7 19 21 24 18 17 12 9 19 22 9 23 13 22 10 6 12 12 5 11 12 12 5 22 25 
13 24 5 20 12 8 12 10 12 14 25 24 22 10 23 21 11 17 25 7 23 15 16 8 19 13 8 19 5 24 13 6 17 24 16 22 7 23 18 5 12 19 25 18 18 23 16 6 10 19 16 11 7 22 6 13 25 8 14 10 13 20 23 25 10 20 6 25 19 19 19 14 25 20 11 18 17 6 22 23 12 25 22 6 23 14 16 15 5 8 5 6 11 21 7 20 5 6 20 20 
9 19 5 7 15 25 11 25 24 15 24 5 11 13 25 16 8 12 11 7 19 11 16 25 11 5 13 23 20 23 17 19 14 19 18 6 13 24 5 16 13 15 8 21 5 23 22 20 16 7 24 16 5 23 14 5 14 7 12 14 9 9 14 13 21 8 23 21 9 15 12 10 14 8 12 23 12 21 9 17 7 9 14 17 6 11 10 24 14 17 23 24 15 16 6 11 8 13 11 9 
16 20 8 25 5 10 16 14 12 15 20 9 20 19 8 12 25 9 5 19 16 16 9 8 18 13 24 23 7 12 5 21 8 22 5 15 19 11 10 10 9 20 22 14 18 11 19 15 6 14 23 25 18 22 5 18 21 16 14 16 22 18 9 13 23 11 12 18 18 16 10 13 5 13 23 10 23 19 7 9 18 8 19 19 9 6 11 8 8 6 22 21 6 20 19 13 16 23 17 8 
19 24 18 15 9 18 24 15 25 5 19 6 10 18 8 16 12 15 11 7 10 9 8 22 6 18 13 18 9 14 22 21 6 6 25 18 6 22 6 6 25 11 8 7 12 13 24 9 17 10 19 12 13 12 11 8 22 10 20 14 25 8 5 10 22 12 5 11 8 14 6 20 19 9 17 23 17 8 12 14 11 25 15 6 8 10 7 25 23 7 12 16 5 12 7 10 16 24 25 16 
6 12 18 11 13 7 10 14 21 25 21 23 11 8 5 5 8 20 8 17 11 15 13 9 17 17 20 12 10 17 11 23 14 16 10 17 6 9 5 9 19 24 10 8 5 5 25 14 8 25 22 10 23 11 8 8 7 19 13 9 20 23 24 8 7 9 13 10 7 11 23 7 10 14 21 22 14 13 12 6 5 10 15 8 21 12 15 15 5 18 15 14 11 6 5 24 24 22 8 5 
20 25 9 18 15 9 7 15 9 24 17 5 16 8 9 15 5 5 12 24 24 19 10 15 24 7 7 5 21 5 19 16 16 15 22 18 15 5 23 19 17 25 12 23 23 14 5 14 6 14 10 17 14 11 20 25 7 20 7 21 22 19 21 15 23 22 21 13 16 24 18 24 13 16 19 21 25 7 20 6 25 14 25 5 13 7 23 12 23 11 9 5 8 24 10 13 16 20 16 21 
23 8 18 17 24 14 5 11 8 12 25 15 13 18 16 11 16 5 13 6 5 25 5 6 6 6 19 24 8 18 23 7 23 11 7 10 11 8 7 13 19 16 10 21 19 12 15 24 22 8 23 16 22 18 15 19 23 18 16 16 18 19 25 7 6 6 5 9 6 24 5 18 24 14 25 24 18 16 18 23 12 21 21 8 8 21 21 7 25 12 5 21 21 21 9 25 5 11 11 24 
12 18 9 25 12 22 11 25 21 25 6 18 9 15 12 12 15 20 17 5 24 9 10 7 20 15 15 14 13 10 16 19 6 24 14 21 16 21 10 21 7 7 10 8 18 6 21 11 24 16 23 17 12 13 9 5 13 8 24 18 25 9 13 21 14 9 23 6 8 18 21 13 11 7 7 21 24 13 25 14 6 23 23 14 24 12 20 23 9 21 6 10 17 22 10 17 16 16 24 7 
5 24 16 19 16 23 21 14 14 21 21 5 11 9 9 20 16 19 14 7 9 7 19 11 10 23 10 10 24 20 13 22 23 11 8 15 20 25 20 13 21 17 23 9 13 19 24 25 5 10 23 5 5 17 5 14 25 13 17 7 19 11 15 15 21 22 25 19 11 20 24 15 15 14 19 11 22 10 11 10 12 7 11 25 23 15 18 18 24 18 7 10 17 15 19 22 19 18 12 5 
10 10 15 25 10 10 18 12 18 13 6 7 20 16 24 10 17 19 12 14 11 6 17 23 5 11 21 9 22 7 11 11 8 11 5 18 24 5 23 18 15 16 8 14 9 5 20 6 17 20 14 21 14 12 18 7 24 12 5 10 11 23 21 11 11 11 12 17 10 7 14 8 17 19 25 22 7 11 19 20 23 6 14 7 22 13 20 5 20 6 23 8 16 21 18 19 14 15 21 18 
11 25 9 6 21 16 9 5 23 12 13 12 5 19 10 13 24 11 8 20 19 16 10 18 25 22 15 9 25 22 23 22 8 12 24 13 14 19 23 16 22 11 15 8 10 13 9 25 12 14 6 9 14 19 13 20 5 11 20 13 24 23 17 21 23 10 6 7 18 9 13 9 19 16 12 10 12 19 21 20 21 13 14 15 11 24 22 7 11 20 22 5 22 6 8 18 22 21 8 10 
100
100
100
100
100
100
100
100
100
100
100
100
100
100
100
100
100
100
100
100
8 4 6 14 15 19 14 14 16 11 16 5 10 15 10 13 4 12 8 3 5 8 4 13 15 3 9 9 5 6 18 9 6 12 10 8 14 4 10 12 3 8 13 10 4 5 10 18 8 4 13 16 4 7 18 8 9 12 4 4 9 16 6 4 13 11 9 9 17 4 4 14 14 3 17 14 10 5 6 4 13 6 10 6 7 10 8 14 6 14 6 13 10 10 13 4 10 9 10 12 
13 11 9 3 7 10 14 11 10 6 9 18 15 11 14 14 4 10 9 18 18 4 8 4 13 5 3 4 6 13 11 16 3 4 8 5 6 4 8 14 8 12 13 8 11 8 7 13 7 10 4 17 3 15 3 7 6 16 8 16 12 11 3 13 11 16 10 12 7 9 5 13 7 13 6 4 6 15 6 11 11 7 8 9 5 16 4 3 11 4 8 7 12 9 9 11 7 6 15 11 
3 3 13 12 10 9 10 17 5 13 8 15 12 10 10 14 14 9 7 6 13 3 10 4 14 5 5 6 17 11 7 7 6 3 3 10 11 10 13 9 13 9 5 14 5 12 6 6 8 7 19 10 12 11 7 18 5 12 12 15 10 10 11 9 12 9 10 3 4 10 13 14 6 17 7 5 7 7 7 11 4 11 6 14 7 4 7 8 7 13 13 10 8 16 9 4 5 6 3 4 
10 8 14 11 11 8 12 10 7 14 4 6 3 11 14 13 14 6 5 15 13 15 10 3 10 14 19 7 12 10 8 5 13 8 4 13 5 11 10 6 13 19 4 5 14 3 15 5 15 9 3 10 10 10 13 7 8 12 15 10 4 4 16 9 6 9 12 15 13 10 13 7 10 10 9 12 9 9 14 9 10 12 12 8 3 14 4 12 10 4 16 14 16 8 11 16 7 9 3 11 
4 5 6 16 9 4 9 17 6 8 7 11 13 14 18 6 12 11 12 7 6 11 7 11 4 6 14 4 10 8 11 15 7 14 14 4 18 8 13 10 5 12 12 12 5 7 17 13 7 10 10 12 5 13 16 15 4 14 8 14 10 14 8 4 3 9 10 15 7 15 14 11 10 16 3 19 10 12 5 18 8 10 14 3 5 3 4 5 10 7 11 9 4 3 5 11 5 9 17 9 
5 10 18 11 9 15 8 6 11 17 13 13 13 7 8 11 11 6 13 6 6 15 3 7 8 12 6 9 6 15 5 14 10 11 3 11 5 5 16 13 10 7 4 5 12 16 9 4 5 4 17 18 12 10 12 4 5 6 8 18 9 17 8 4 11 10 11 17 19 7 14 6 8 12 9 11 4 16 10 4 18 8 4 5 15 8 6 13 11 19 10 9 3 4 5 14 9 8 10 3 
12 8 4 15 13 14 3 18 9 8 8 6 11 16 15 18 7 4 9 10 6 9 16 3 15 7 8 9 9 11 16 4 16 16 13 7 19 4 4 16 17 13 12 6 4 9 10 5 4 13 7 12 16 5 13 9 4 7 14 5 6 12 13 7 5 3 14 14 5 12 4 13 14 14 8 14 15 4 13 12 16 19 12 10 9 17 9 10 12 13 9 11 10 15 7 14 14 7 9 9 
9 11 5 7 7 8 3 7 13 11 4 10 9 11 8 11 5 3 3 3 3 7 8 14 10 12 7 11 12 8 8 4 12 10 11 6 12 6 16 10 13 12 13 9 5 4 5 7 9 12 14 9 13 8 7 8 4 13 4 8 5 6 12 17 14 18 5 18 13 7 9 4 4 11 6 6 3 6 3 12 13 4 6 12 5 7 12 10 6 8 14 17 13 17 8 12 8 18 13 12 
3 18 14 5 13 17 9 8 13 14 13 13 14 15 9 4 9 10 10 6 5 4 7 13 10 14 4 7 16 10 12 8 6 9 9 7 13 12 11 7 7 7 5 19 5 12 6 12 19 17 4 19 8 4 15 4 5 9 3 5 7 9 12 7 3 11 10 5 14 6 6 4 11 7 12 6 14 13 16 11 14 8 5 10 15 6 12 10 13 7 4 9 7 3 9 8 7 4 12 15 
9 13 3 13 9 5 7 7 8 10 18 16 12 6 13 13 6 10 16 4 18 11 11 6 14 10 5 12 3 12 8 4 9 16 8 12 5 13 14 3 9 10 13 12 13 18 10 4 7 11 11 6 4 17 3 10 15 5 10 5 8 16 12 15 5 10 4 15 13 14 15 11 15 10 8 9 12 5 17 17 8 14 18 3 17 11 11 10 4 6 3 5 8 12 4 11 3 4 14 12 
5 10 4 4 11 18 7 15 17 11 18 3 6 9 13 10 5 7 7 5 11 8 8 16 9 3 9 18 10 14 9 10 9 14 14 5 10 13 4 12 10 10 6 13 3 17 13 15 12 6 15 11 4 13 9 3 10 4 8 11 6 5 9 8 15 6 16 13 7 8 8 5 11 6 8 18 8 14 5 11 6 7 10 13 4 6 6 13 7 10 15 19 11 11 5 7 5 8 7 5 
8 16 5 16 4 8 12 9 7 8 10 5 11 14 4 6 16 7 3 11 12 10 6 4 14 9 15 13 5 8 3 11 4 13 4 10 14 8 8 8 7 11 12 8 11 6 12 11 4 8 13 15 12 17 4 13 13 12 11 9 14 12 5 7 14 6 8 13 10 10 6 8 3 7 15 7 17 11 4 6 12 5 15 13 5 3 6 4 5 4 17 13 3 11 14 8 12 12 11 5 
13 14 10 10 5 12 19 9 17 3 12 4 6 12 6 10 9 8 7 5 7 7 4 17 5 12 7 14 6 11 13 13 5 3 18 11 4 12 4 4 16 7 4 5 9 8 12 6 12 8 14 8 8 7 8 5 12 6 16 8 13 6 3 7 17 6 3 6 5 10 4 11 15 6 12 17 13 5 7 9 7 15 9 3 4 7 4 15 13 5 8 9 4 8 5 8 9 14 15 10 
4 9 14 7 9 5 5 10 12 20 16 13 8 4 3 4 4 14 6 9 6 10 10 5 10 10 11 7 7 10 7 12 11 12 8 12 4 6 4 5 10 15 6 5 3 3 18 8 4 14 13 6 13 7 5 4 4 12 7 5 14 12 15 4 5 5 9 7 5 8 14 4 6 8 12 14 10 8 7 4 3 5 9 4 16 8 12 9 3 14 8 10 8 4 3 19 17 14 5 4 
12 13 6 11 12 5 4 11 6 16 12 4 10 5 5 9 3 4 8 16 14 12 7 8 15 5 4 4 13 4 11 11 12 9 17 14 11 3 18 14 10 18 8 18 12 9 3 9 4 10 8 10 9 7 12 18 5 14 4 11 17 11 15 8 13 17 14 9 9 14 10 16 10 11 11 16 17 4 11 4 19 9 13 3 10 4 12 8 18 6 5 4 6 13 7 10 8 13 12 12 
14 5 12 12 18 8 4 8 6 7 18 11 10 12 8 7 9 3 9 5 3 15 4 5 3 3 10 16 6 14 12 5 12 9 4 6 7 5 4 10 11 11 6 12 10 9 11 17 11 4 13 9 17 12 10 14 16 12 9 10 11 14 18 6 5 4 3 5 4 18 4 10 15 11 19 15 9 12 10 13 8 11 16 6 4 12 14 4 15 7 3 17 13 11 5 15 3 8 7 12 
8 14 7 13 7 15 6 15 14 13 4 14 7 9 6 8 11 14 12 3 13 6 5 4 15 8 12 10 9 5 10 11 4 18 10 15 13 17 5 14 5 4 6 4 12 4 16 7 16 9 16 10 7 8 5 3 9 5 14 12 17 5 10 16 9 5 17 4 6 11 12 10 6 5 4 17 16 8 14 9 3 15 16 9 16 9 16 14 5 11 4 7 9 12 7 9 10 12 17 4 
3 13 10 13 9 16 13 8 8 16 14 3 8 7 6 10 10 10 8 5 5 5 14 7 7 17 6 5 19 14 9 15 12 7 5 10 11 15 12 7 11 10 14 7 9 15 12 15 4 8 15 3 3 13 4 10 13 8 13 4 14 8 11 9 16 13 19 11 8 13 18 9 9 8 15 7 14 7 6 6 8 4 6 13 12 11 14 13 13 10 4 5 12 8 12 11 13 11 7 3 
7 7 8 13 6 6 14 8 12 10 3 5 15 13 16 8 12 12 8 7 7 4 10 14 4 8 12 6 16 5 6 7 6 7 3 13 15 3 17 14 8 11 6 9 6 3 16 5 10 12 9 12 8 8 14 5 16 7 3 8 8 18 15 6 8 7 8 11 6 5 11 6 12 13 17 14 5 8 14 15 18 4 8 4 12 10 12 4 12 5 14 5 11 15 9 14 10 11 12 10 
8 16 5 4 15 12 7 4 16 7 8 8 3 10 7 7 13 7 6 11 13 12 6 11 16 12 11 6 13 17 16 15 5 9 18 9 9 13 16 13 12 8 12 5 5 9 6 19 7 9 4 5 9 14 7 11 3 7 13 10 16 17 10 16 18 7 4 5 11 5 9 7 12 12 9 6 7 11 16 15 13 7 11 11 6 14 17 5 6 16 11 3 13 4 5 13 17 13 5 5 
13 8 11 31 28 34 27 26 31 19 27 12 23 31 24 27 6 23 21 9 12 14 9 29 25 6 17 19 9 16 36 14 13 31 27 16 31 9 16 27 8 15 24 26 9 10 18 29 24 7 30 28 9 14 29 15 19 32 8 9 17 34 13 10 24 21 19 19 27 9 8 25 32 6 25 30 21 10 10 7 26 11 17 11 14 21 22 26 15 22 10 24 17 24 26 10 28 24 23 28 
30 20 14 7 16 18 32 26 27 15 19 36 33 26 24 29 6 24 19 32 29 10 21 8 23 12 7 10 15 29 26 31 8 9 16 11 10 10 18 25 13 28 29 16 18 19 12 26 18 20 6 35 7 30 6 16 13 30 17 37 29 21 7 28 27 32 24 21 16 25 9 26 13 24 16 10 11 24 14 27 27 20 16 21 15 37 8 7 23 7 16 17 20 16 22 25 12 13 33 21 
7 7 29 29 27 21 16 34 14 31 15 32 22 23 21 29 27 21 16 14 25 9 20 11 29 13 12 12 35 21 18 16 16 9 7 19 24 22 32 22 28 21 13 22 9 28 13 10 14 13 35 24 20 27 17 30 12 30 31 36 16 19 25 21 25 18 19 7 10 20 28 22 11 27 13 8 13 16 13 25 7 24 11 35 15 9 13 14 16 23 29 21 18 28 16 7 12 14 7 9 
26 17 29 26 29 15 26 24 17 25 10 11 8 23 32 33 28 13 11 34 26 28 27 7 19 26 34 14 24 25 13 12 21 17 11 25 10 29 18 12 24 32 10 12 27 6 33 11 34 23 7 16 17 19 26 17 21 23 28 22 10 10 31 19 14 15 22 26 23 16 28 16 25 21 23 21 16 23 30 18 19 28 25 13 6 30 8 23 16 9 31 35 29 12 33 30 19 21 7 27 
10 9 13 29 15 8 18 29 16 21 15 24 27 24 32 12 25 22 23 13 13 27 14 25 8 11 28 7 21 18 23 37 14 25 30 8 33 18 23 29 11 23 24 26 8 13 33 24 17 20 17 22 9 23 31 28 8 24 14 30 22 26 21 10 9 15 18 33 18 30 29 28 26 32 7 32 20 28 13 32 16 25 25 7 12 6 9 12 14 19 21 20 9 9 11 22 12 21 34 25 
11 18 31 22 18 28 16 16 23 35 32 23 21 16 21 23 26 15 27 15 12 28 8 11 16 33 13 23 10 29 10 33 19 30 7 29 11 14 28 24 25 14 9 8 28 29 23 8 12 9 31 34 23 18 20 7 9 16 12 28 21 29 16 10 25 29 20 26 34 13 26 15 21 31 24 24 10 29 22 8 32 16 7 11 31 19 13 25 24 36 17 19 8 9 11 29 18 14 21 9 
29 19 8 27 24 22 7 31 18 19 12 10 25 32 31 36 11 9 21 22 12 20 33 6 25 17 21 14 19 20 29 9 30 31 34 16 33 9 7 31 30 26 26 13 8 18 26 10 10 24 15 27 36 9 22 22 10 19 23 13 11 26 22 14 11 6 25 21 11 32 7 31 24 28 13 30 29 9 30 26 37 33 30 21 22 29 18 19 24 29 16 22 25 31 12 37 31 16 21 24 
15 26 10 14 12 19 6 16 23 33 8 23 18 25 19 22 11 7 6 7 7 18 19 35 21 25 13 23 31 14 13 8 20 23 22 12 23 12 33 25 29 21 26 17 12 7 10 20 25 19 27 17 33 22 17 18 8 31 7 18 11 10 27 28 27 34 10 32 34 18 21 7 8 20 12 10 7 10 7 22 22 8 11 24 7 17 26 21 13 16 26 33 24 26 22 21 19 33 25 24 
8 37 28 10 23 32 19 20 26 27 27 26 27 24 17 8 15 24 20 13 12 10 16 36 23 31 11 12 28 20 26 16 14 20 22 19 33 24 25 13 15 18 9 36 11 29 14 23 33 29 8 32 14 9 29 9 10 22 7 10 13 24 28 13 6 18 25 10 34 13 12 9 24 11 18 10 28 28 30 22 21 17 12 24 30 13 32 19 33 15 8 15 15 6 14 15 17 7 26 37 
19 29 6 26 15 10 17 14 17 17 37 35 26 13 28 30 15 24 34 10 30 22 24 11 24 17 10 23 7 33 19 8 23 32 23 30 10 33 22 7 17 26 35 27 23 29 23 8 13 24 23 15 9 27 8 17 33 10 20 14 19 30 34 34 14 26 7 36 24 26 27 20 37 25 16 22 23 9 29 28 17 30 32 8 30 20 23 21 6 12 7 8 16 28 9 24 7 8 29 24 
12 23 7 9 18 36 14 35 32 21 30 6 15 17 36 22 10 15 16 10 25 14 23 33 16 7 19 34 28 34 24 25 17 25 25 8 17 34 6 20 16 19 11 28 7 31 29 27 23 9 33 23 6 30 18 7 19 10 14 18 12 11 21 19 25 11 31 29 13 20 17 13 17 11 18 34 16 25 12 23 10 12 18 21 8 15 15 36 18 21 29 29 19 21 7 16 10 16 16 12 
22 27 10 31 7 13 21 19 15 22 28 13 27 27 11 16 30 12 7 27 21 24 13 11 27 18 31 30 10 16 7 28 11 29 6 22 28 16 12 13 13 28 29 18 22 16 28 19 8 20 32 34 24 31 7 22 26 22 21 23 31 22 13 17 34 16 17 22 22 21 13 19 6 17 28 15 34 26 9 13 25 11 26 24 11 7 16 12 11 8 27 31 8 26 27 18 23 32 22 10 
26 34 26 21 13 26 35 22 34 7 27 9 12 23 10 20 17 18 14 9 15 13 12 29 7 25 18 23 11 18 27 25 8 8 37 24 8 27 7 7 35 14 11 9 16 17 29 13 22 13 26 17 18 15 15 10 29 13 24 19 34 12 7 13 31 15 7 16 10 19 8 27 25 13 23 29 25 11 15 19 16 30 19 8 11 13 10 32 30 10 17 20 7 18 10 12 21 33 31 20 
9 15 23 16 19 9 15 19 31 33 25 29 15 10 6 7 10 25 11 23 14 19 16 12 22 21 24 16 14 21 16 29 17 22 15 21 8 11 7 12 28 35 14 10 7 7 32 18 10 32 29 12 34 13 10 12 8 25 18 11 25 34 31 12 9 13 18 13 9 16 30 9 14 20 26 27 19 18 17 9 7 13 21 10 26 17 22 22 7 24 19 19 15 8 7 33 30 32 10 7 
28 32 12 22 22 11 10 19 13 31 22 6 23 12 12 21 7 7 15 32 35 27 13 21 36 9 10 6 31 7 26 20 22 22 32 27 22 7 34 26 22 30 16 31 33 20 7 21 8 17 15 22 17 16 28 33 10 28 10 28 30 23 30 21 33 28 31 17 21 30 23 35 17 22 27 28 37 9 26 8 34 19 36 6 17 9 28 15 29 16 11 7 10 30 15 16 20 28 22 27 
30 11 25 23 32 21 7 14 10 16 35 20 18 22 20 16 22 6 18 9 6 35 7 8 8 8 25 31 11 22 28 10 30 14 10 13 14 10 9 16 26 24 14 29 28 16 22 35 31 11 34 21 32 24 21 25 28 24 24 23 25 26 31 9 8 8 7 13 8 30 7 23 29 17 32 33 23 20 23 29 17 30 30 11 11 27 31 8 36 15 7 27 27 31 11 31 6 14 14 29 
15 26 12 33 18 29 16 33 26 37 8 27 12 18 17 17 21 28 21 6 35 13 13 9 26 21 21 20 16 12 21 25 8 32 20 31 24 27 12 30 9 10 12 11 24 8 30 15 29 23 33 22 15 16 13 7 17 10 32 22 37 13 19 28 18 12 34 7 11 26 31 18 15 10 10 31 31 19 33 18 8 34 33 19 33 17 26 34 11 28 7 15 24 31 13 21 20 20 29 9 
6 31 20 28 20 34 27 21 18 30 28 6 15 13 13 28 22 27 18 9 12 10 25 16 13 30 13 14 31 28 18 31 31 13 11 22 28 34 29 16 28 21 29 12 17 24 35 31 7 13 28 6 7 24 6 18 30 17 24 9 25 14 19 18 29 30 31 25 16 29 31 18 20 17 23 16 32 15 15 12 15 10 14 35 29 19 24 23 34 26 9 13 23 22 25 29 28 22 16 6 
14 14 18 37 13 12 22 16 25 16 9 9 25 19 29 13 21 24 18 20 16 7 25 28 7 16 31 12 30 9 15 14 10 15 6 22 31 7 31 26 19 22 12 19 11 7 30 8 24 27 20 29 20 17 23 10 32 17 7 14 14 34 29 14 13 16 16 21 15 9 19 12 22 24 36 31 10 15 28 25 28 8 21 10 27 17 29 7 28 8 29 11 20 26 26 28 20 20 27 23 
15 30 13 8 30 22 13 7 31 16 19 16 7 26 12 19 35 14 12 25 26 19 12 22 32 27 19 13 33 32 30 29 11 15 33 19 20 25 32 20 30 15 21 10 14 16 12 31 15 21 9 13 17 24 19 27 7 16 27 19 32 31 23 26 33 13 8 8 27 12 17 11 28 20 15 14 18 25 29 26 26 19 18 22 16 31 28 10 16 27 30 6 30 8 11 25 26 31 10 15 
