20 200
41 30 19 32 27 16 32 16 16 25 20 31 44 38 38 13 19 20 26 19 39 26 19 46 47 40 40 31 36 31 19 42 31 33 47 48 38 36 15 26 37 45 48 33 14 49 38 10 28 19 26 38 13 22 23 38 13 40 15 31 16 13 48 25 46 45 49 30 44 10 12 40 35 14 21 40 35 47 24 48 18 42 31 19 28 20 26 23 46 26 25 47 31 28 16 50 36 10 17 35 26 24 25 13 12 32 41 49 34 24 43 15 34 48 37 10 28 26 28 18 17 50 35 46 30 50 26 47 16 25 36 20 13 50 48 26 36 24 19 36 24 19 11 47 22 25 16 36 42 17 21 40 27 32 27 12 49 22 14 28 27 12 45 40 34 26 30 32 35 27 45 36 22 40 44 33 33 33 34 21 22 19 31 22 36 44 33 31 44 18 30 44 49 45 35 49 45 24 34 28 
42 24 17 21 48 23 46 22 20 37 10 28 44 25 36 21 29 22 22 44 18 38 36 22 49 22 13 17 41 41 37 46 35 30 10 25 46 34 37 24 43 33 38 19 28 38 11 50 15 16 15 13 18 11 29 11 17 36 39 18 26 45 50 39 14 45 35 17 42 28 32 46 22 46 23 15 17 29 45 38 27 22 48 39 12 38 40 18 47 43 26 21 45 11 35 38 46 20 30 29 29 46 37 10 24 47 48 14 19 19 15 37 42 25 49 40 14 23 12 46 15 30 23 14 25 44 32 32 16 15 34 27 43 21 15 45 18 38 44 36 46 36 39 16 19 37 40 34 41 46 47 20 25 14 49 46 22 17 32 10 40 38 14 39 40 13 40 32 37 50 41 36 31 38 23 23 24 22 18 18 33 28 33 22 40 41 20 21 12 12 19 41 50 46 36 30 25 12 21 12 
17 20 41 30 32 31 32 24 23 11 34 47 14 25 16 14 48 22 24 25 14 40 14 27 48 24 15 26 44 16 20 28 40 40 18 13 34 31 39 26 48 24 32 34 14 19 38 36 23 20 45 42 13 41 29 37 16 26 44 30 25 31 14 38 49 22 43 37 20 22 15 31 34 30 49 32 24 41 50 47 41 47 37 34 38 42 31 11 43 16 24 24 25 32 13 41 12 35 37 15 23 35 45 44 21 25 16 34 40 10 39 43 41 21 10 22 39 41 19 14 38 27 37 49 19 44 21 33 43 10 19 36 34 33 44 24 31 38 39 49 21 15 27 22 27 11 30 47 11 43 29 25 17 37 12 44 30 19 35 10 35 32 18 10 10 26 44 13 31 41 37 26 10 35 27 18 28 35 12 47 36 23 48 25 17 17 17 47 43 41 46 47 28 11 39 27 35 32 29 11 
10 40 21 12 16 13 48 26 13 17 49 17 34 45 17 33 22 45 11 36 46 38 39 16 47 49 19 30 32 39 18 15 24 25 20 36 48 26 11 39 18 34 44 17 13 19 32 24 37 27 48 47 32 30 34 31 16 33 31 27 49 44 24 21 29 20 33 20 40 37 33 46 22 28 36 41 23 28 22 16 10 19 33 13 38 46 43 41 48 43 39 43 18 11 11 25 48 34 34 30 11 18 22 38 27 12 38 20 39 40 29 23 37 26 49 10 22 41 31 36 35 23 24 38 37 36 20 21 45 25 10 29 23 31 42 45 19 26 36 30 38 34 11 19 34 41 28 49 31 21 39 44 16 31 17 37 44 19 46 43 49 21 44 37 22 25 30 12 49 20 30 40 42 38 38 16 21 46 41 39 30 41 21 11 14 29 27 38 23 33 33 40 33 39 29 15 38 40 36 49 
28 13 33 41 36 45 13 24 45 10 49 32 32 44 45 45 34 11 34 22 42 39 43 45 35 43 36 22 22 41 25 18 17 12 33 40 50 22 36 14 12 14 28 15 10 20 11 49 24 38 30 26 11 43 12 45 33 27 26 15 12 46 35 24 15 12 31 26 36 21 36 35 15 46 47 36 26 11 15 46 39 41 25 28 47 25 28 30 33 13 16 12 10 38 17 10 48 40 42 45 32 25 20 12 10 43 29 40 20 26 25 17 34 17 42 23 25 10 12 24 21 13 38 48 20 12 39 37 44 26 14 41 37 24 26 34 17 49 33 32 20 43 45 26 31 37 33 24 30 35 42 15 50 27 13 15 50 10 37 45 35 14 30 18 15 17 49 23 39 20 48 36 15 49 29 50 34 35 50 26 27 22 25 27 34 44 41 28 31 45 27 11 39 36 25 40 15 14 33 25 
23 18 38 12 39 38 49 27 30 17 35 40 26 25 27 41 33 40 32 17 20 12 15 36 13 30 31 26 50 31 40 40 20 16 23 24 10 14 48 14 32 17 24 15 41 25 25 40 49 22 32 12 36 25 42 13 24 46 10 37 11 13 43 30 24 14 35 29 50 33 43 29 36 19 29 44 49 11 28 44 29 26 20 24 22 38 21 40 38 39 20 31 43 36 10 35 15 43 39 47 42 35 47 44 20 33 34 31 30 24 43 31 23 35 28 40 46 17 22 50 46 36 11 26 44 23 23 12 34 38 15 34 36 50 22 33 28 20 36 25 50 30 27 21 25 21 22 24 16 19 26 13 22 12 30 17 42 25 39 41 27 48 36 46 46 36 10 48 46 49 48 10 17 46 12 30 13 26 24 45 10 26 49 23 48 10 13 21 29 23 44 36 44 27 29 37 46 44 43 18 
46 17 14 33 44 16 25 32 29 40 26 23 25 31 19 10 22 23 35 31 38 48 22 32 37 42 15 22 17 49 25 35 20 12 14 35 47 16 46 43 18 40 37 25 22 34 21 22 34 32 20 18 26 16 30 23 25 23 29 32 24 36 17 26 28 29 22 18 24 48 47 35 28 36 38 50 48 47 10 27 32 45 29 14 37 16 39 41 48 14 39 39 13 40 35 39 32 10 24 44 21 43 36 18 12 23 24 37 32 46 20 31 30 21 16 30 34 23 11 37 10 46 26 30 17 24 44 38 16 10 19 29 45 20 14 46 28 26 45 27 26 19 32 39 26 28 27 13 28 21 26 40 42 16 27 16 30 40 47 29 31 31 24 34 24 50 16 46 35 18 42 38 49 45 25 15 40 42 45 11 31 44 35 40 13 14 11 23 10 27 37 13 29 22 25 14 17 50 30 25 
17 44 12 26 41 45 12 42 39 27 22 11 19 13 22 23 20 37 43 17 42 15 44 35 27 42 24 27 40 24 39 31 22 12 46 45 25 33 38 40 49 16 50 17 15 21 48 16 23 30 38 23 50 43 10 13 26 19 38 25 36 31 17 30 42 25 47 10 32 34 22 10 45 33 28 13 41 46 45 44 47 47 47 44 46 37 33 28 50 30 14 21 30 13 16 24 11 50 13 14 12 37 38 32 21 48 36 41 45 35 19 49 15 10 15 21 42 11 41 38 26 20 37 49 14 43 39 17 50 44 36 49 42 42 32 21 39 18 40 42 18 27 11 13 41 35 21 37 16 31 39 39 28 43 42 37 20 42 42 11 19 35 20 43 40 18 24 16 21 16 26 16 38 28 15 40 19 18 36 30 31 10 23 27 31 21 20 14 46 19 16 48 48 36 45 27 50 22 31 50 
36 16 31 23 22 10 19 26 27 11 47 39 31 29 26 38 33 28 16 32 11 36 27 43 44 12 43 48 39 41 19 38 13 26 25 19 13 40 45 32 48 11 11 41 44 18 32 23 17 42 49 34 43 38 13 36 23 36 41 11 17 29 31 11 30 39 35 21 19 27 27 35 47 47 25 32 24 38 21 15 32 32 27 26 28 22 26 25 21 49 39 45 41 29 22 43 23 39 17 23 50 12 15 10 13 11 33 25 47 35 44 46 27 38 39 34 19 34 33 43 22 19 10 10 46 14 21 41 36 39 25 40 40 47 11 13 42 30 38 16 33 47 28 22 17 44 23 19 34 47 32 46 30 27 23 32 15 47 12 36 14 38 46 22 46 27 13 16 48 16 12 15 25 39 13 14 40 26 11 45 50 44 17 25 33 19 40 10 15 34 12 14 49 27 38 23 50 20 11 33 
13 32 26 15 33 24 33 50 36 30 12 30 11 16 15 14 45 13 34 25 35 16 31 44 11 25 15 31 38 24 29 34 23 48 41 23 25 27 35 32 13 46 46 36 26 45 49 42 22 12 36 16 27 41 34 28 42 39 45 15 40 41 44 28 26 22 32 30 19 39 41 26 40 17 25 18 45 16 11 17 25 12 47 22 29 43 19 31 20 23 49 44 47 46 28 25 33 24 30 41 32 20 25 16 49 34 40 36 22 31 31 50 17 34 44 17 42 48 17 37 11 44 42 42 16 18 27 32 40 30 37 43 49 19 36 24 37 14 30 43 37 33 31 45 27 49 17 39 30 49 15 24 24 34 11 34 29 32 39 13 27 47 31 39 12 15 38 30 25 27 33 14 11 19 47 28 25 17 11 19 41 49 32 15 11 35 41 25 50 45 18 16 38 26 42 14 36 35 25 13 
17 48 16 23 31 33 27 23 48 48 44 32 48 18 41 29 29 40 26 38 44 25 30 43 18 34 36 10 32 33 29 33 42 43 44 42 27 48 38 13 33 38 25 49 24 17 48 41 36 26 38 32 26 30 15 14 21 41 29 48 38 13 33 25 31 46 32 19 11 43 13 20 24 34 42 19 32 36 15 29 17 44 38 28 50 46 28 14 40 48 15 46 15 30 14 46 19 40 31 46 42 50 48 25 48 31 32 33 14 29 16 49 20 49 46 24 15 26 36 41 13 44 40 24 50 24 24 29 27 35 26 29 20 27 22 46 33 12 28 37 36 44 39 32 36 27 10 39 25 15 41 12 23 47 42 18 30 26 29 28 16 33 15 16 10 23 18 20 15 31 36 38 50 15 26 33 39 35 18 28 25 24 38 48 15 23 14 45 49 35 25 16 15 23 50 33 41 13 26 47 
12 49 38 21 50 47 33 22 28 34 47 46 48 35 16 20 40 10 46 19 41 19 47 43 33 22 34 44 25 23 33 18 26 13 26 31 33 10 29 10 26 17 50 46 45 36 39 48 50 32 36 33 29 36 40 37 25 38 49 30 38 48 18 30 40 26 50 10 43 28 16 46 40 47 32 42 15 26 42 41 22 20 19 40 35 29 24 48 49 24 26 35 40 48 35 15 24 13 49 40 45 28 34 15 17 50 14 24 42 11 37 33 39 17 45 50 47 34 14 42 27 47 34 39 34 35 10 26 10 10 18 20 48 31 31 48 13 25 30 42 49 49 26 16 44 14 13 12 16 13 17 24 23 36 32 41 28 31 26 32 17 45 49 30 25 22 32 25 26 42 47 46 45 42 49 19 45 31 43 16 18 19 34 41 50 36 34 19 32 23 37 42 44 48 41 47 34 40 15 34 
36 35 45 41 44 25 16 30 34 34 21 49 12 31 19 14 16 36 29 11 22 50 30 23 33 23 33 28 15 47 33 35 48 49 19 14 21 40 34 38 29 21 11 35 40 40 43 26 22 14 18 31 16 37 29 24 35 42 34 28 33 18 10 30 10 37 19 11 40 16 40 26 27 18 12 40 28 42 47 37 27 19 17 34 37 41 49 50 39 44 29 42 37 15 27 19 16 21 27 16 41 14 49 21 13 40 33 27 27 44 47 47 16 49 15 33 29 44 19 23 21 38 14 42 16 29 36 41 21 13 39 30 14 23 25 47 35 49 18 18 50 22 14 13 36 46 15 19 24 39 25 28 21 21 43 18 50 20 25 13 47 12 24 34 32 39 10 44 42 36 48 15 35 41 32 13 39 26 34 44 14 29 22 26 21 20 18 22 14 37 13 13 14 47 47 29 48 27 40 35 
49 22 12 37 43 12 17 44 42 32 22 16 39 22 42 16 27 50 20 43 35 17 16 35 33 14 23 33 22 43 19 38 14 18 17 41 19 19 42 17 42 15 24 24 16 39 29 40 31 34 21 48 38 25 42 32 34 40 47 44 37 30 10 33 41 22 24 46 34 31 11 49 24 35 17 14 33 25 42 13 45 46 49 23 34 18 11 38 11 40 20 37 19 18 30 37 14 19 45 46 38 28 23 49 34 22 33 32 16 19 12 14 27 25 21 14 37 38 42 43 24 36 23 49 20 11 47 26 44 26 26 17 28 37 11 49 23 13 39 22 20 25 27 37 40 22 34 46 27 17 42 38 35 41 28 10 13 16 22 13 23 47 50 32 45 14 21 38 45 35 11 27 19 17 46 37 48 37 34 40 24 18 34 10 30 15 20 37 16 13 35 15 29 34 49 23 11 48 12 45 
17 22 26 30 35 18 22 45 40 16 23 18 15 29 36 30 18 30 40 18 11 28 33 42 44 11 13 21 16 29 20 16 44 20 48 30 49 18 22 14 30 15 16 20 29 50 17 42 36 22 21 24 24 17 43 24 30 27 25 35 30 23 31 17 48 21 17 47 50 19 28 15 12 41 43 26 19 47 24 31 17 40 31 23 43 24 41 12 17 43 19 14 28 19 25 33 20 48 10 38 27 29 13 37 50 46 24 33 22 36 14 22 46 39 31 44 21 23 39 16 17 45 25 46 30 20 20 47 13 27 34 20 17 26 28 26 25 12 18 17 40 44 18 37 26 43 36 10 35 37 43 42 27 11 47 34 17 35 23 40 24 42 29 31 17 36 33 10 46 32 14 14 36 21 23 16 46 26 33 30 46 14 10 14 24 27 21 25 16 40 37 33 34 38 32 43 32 13 24 15 
44 25 17 39 18 13 48 21 18 31 27 25 16 36 15 19 13 47 19 43 18 23 17 47 46 32 12 49 24 44 33 25 13 19 44 42 40 29 24 30 40 49 32 17 37 30 46 21 22 13 45 48 15 20 36 17 49 29 32 21 47 18 41 22 15 33 46 36 36 50 42 20 29 17 39 50 36 13 39 21 20 18 37 21 47 34 34 44 14 24 50 31 31 40 26 27 11 33 28 10 25 23 19 49 11 27 10 21 32 12 11 20 44 23 27 43 33 39 32 21 17 40 33 46 35 17 40 22 28 13 10 16 32 27 32 10 34 34 46 10 42 21 50 18 29 17 21 10 20 15 39 43 39 48 49 15 40 30 46 26 36 38 24 40 44 27 27 39 47 24 13 35 10 43 36 14 20 18 40 43 15 35 20 43 41 48 13 26 30 46 44 16 29 39 38 47 50 38 27 26 
26 13 41 50 43 49 45 45 42 33 35 35 33 16 16 34 50 28 20 23 34 41 24 49 25 18 29 24 45 44 49 24 50 44 25 32 50 21 27 26 24 16 14 20 48 47 17 25 36 49 13 10 46 40 14 20 24 46 34 14 27 37 19 44 21 27 39 13 26 28 44 34 41 35 38 13 41 24 11 27 35 34 32 11 18 37 35 24 14 20 18 41 40 18 23 12 25 26 49 48 49 29 32 19 28 19 21 47 37 14 17 47 25 21 50 29 34 36 17 33 43 28 46 25 48 37 17 18 12 50 34 46 41 31 43 17 28 13 12 10 21 50 50 12 47 33 13 42 15 47 50 19 22 27 29 28 19 33 33 28 38 15 29 16 46 49 39 17 24 46 34 13 27 15 36 50 46 42 44 10 10 10 12 33 50 42 18 47 50 32 12 46 16 31 40 29 35 28 20 50 
25 17 41 25 49 41 16 42 33 11 34 33 29 35 21 44 45 46 37 20 35 32 15 36 11 33 50 11 19 41 16 22 23 16 43 33 46 28 28 33 39 50 12 25 47 40 23 18 32 41 41 26 36 37 14 42 27 26 10 30 17 50 13 43 35 39 23 42 19 46 17 25 43 16 22 43 42 29 43 44 19 19 40 37 38 19 13 23 11 43 13 49 48 26 30 17 18 31 18 37 17 11 49 19 45 41 37 41 36 19 13 46 39 41 17 49 27 43 12 21 17 25 40 11 15 28 41 10 39 47 41 20 50 13 17 13 27 38 47 32 17 33 26 28 24 33 12 33 38 18 46 34 42 25 47 42 29 46 50 46 22 49 34 16 50 25 13 48 41 33 14 48 13 25 45 35 15 36 36 22 24 26 19 20 24 42 42 39 39 35 19 26 40 30 37 24 35 32 41 37 
36 40 36 19 18 35 26 26 35 33 33 26 26 33 33 14 49 23 11 44 42 41 22 10 26 10 20 23 26 27 17 18 28 23 24 15 31 34 41 43 50 41 43 34 47 18 22 13 21 27 31 35 36 40 47 21 19 39 10 13 10 11 14 25 16 12 21 44 50 41 34 44 50 23 37 12 13 47 35 10 35 20 32 10 24 13 35 35 42 35 49 10 15 36 16 12 25 29 46 12 42 43 23 27 50 12 44 29 16 34 34 38 43 36 40 26 13 35 42 30 19 24 26 10 33 40 43 10 21 43 50 46 14 36 22 30 46 29 21 50 31 23 12 47 25 17 13 36 14 24 37 22 22 23 10 29 20 10 25 10 33 49 38 49 20 26 36 48 20 44 25 16 34 27 43 28 24 18 45 14 42 31 21 26 23 36 43 17 18 25 10 43 37 36 30 23 35 27 24 33 
18 14 42 13 50 27 26 50 25 39 39 34 32 34 34 14 19 15 17 30 29 49 39 13 31 19 19 32 39 21 20 20 30 10 34 21 21 11 20 19 40 28 37 25 48 20 23 41 31 23 43 16 21 16 23 31 36 43 12 37 14 40 11 41 27 46 15 41 19 20 35 45 19 45 12 19 34 24 15 36 24 30 41 27 47 30 32 42 18 17 29 14 31 44 20 45 46 47 16 11 37 19 36 28 23 17 32 23 20 12 26 49 27 36 28 49 40 43 47 28 47 48 25 45 38 42 19 21 27 47 40 50 32 27 20 36 11 19 18 26 39 36 28 49 10 29 33 10 19 13 42 15 13 22 47 23 31 10 17 39 15 29 20 12 45 26 20 50 10 38 24 32 48 39 26 43 11 25 19 16 48 32 26 23 38 19 37 26 48 17 18 43 37 43 29 15 39 11 21 11 
19 21 24 8 19 7 7 14 22 20 13 14 9 21 10 6 6 21 18 24 5 12 25 24 7 11 19 20 15 21 19 20 6 16 24 17 18 15 24 18 25 11 8 8 17 25 7 6 10 18 12 5 16 8 5 10 25 7 25 6 23 7 14 23 13 18 7 9 8 9 19 15 18 8 14 14 21 11 14 19 7 9 15 13 22 21 12 12 25 20 6 25 12 18 22 18 8 23 10 21 5 5 23 22 19 24 23 18 12 10 24 9 17 21 25 17 22 6 16 19 20 16 6 5 24 9 22 10 15 21 15 19 9 22 24 15 16 24 9 17 23 13 5 22 7 8 8 19 16 5 23 15 15 21 18 10 22 9 14 24 9 17 12 18 21 22 7 12 9 8 20 17 5 18 8 19 19 25 19 8 6 25 16 7 6 11 16 8 10 6 14 22 18 11 17 25 23 14 17 7 
12 14 24 10 17 6 14 24 25 16 17 5 16 13 17 21 22 21 6 20 15 13 13 5 19 17 16 11 18 9 9 16 7 10 21 24 14 24 25 19 9 24 9 19 10 6 22 20 22 16 21 14 6 9 20 18 24 21 17 23 15 6 22 12 11 22 13 9 17 20 16 5 10 22 10 7 18 24 5 8 19 19 17 8 12 16 21 21 13 6 19 11 21 25 5 10 13 5 15 10 6 10 24 25 15 20 20 19 6 5 19 9 16 24 20 11 7 21 20 14 24 10 5 21 6 9 12 22 11 15 24 20 5 13 19 18 24 23 7 10 8 23 10 6 9 21 22 18 24 15 15 17 20 23 7 22 24 12 6 21 18 18 25 18 20 13 10 23 8 8 6 7 16 25 25 21 6 16 22 17 19 13 24 10 21 10 25 16 6 25 11 18 16 15 10 17 16 16 21 20 
14 9 18 7 24 9 23 14 6 5 25 23 9 16 19 13 16 12 21 14 10 7 8 24 23 23 20 17 24 15 15 7 16 12 12 15 10 17 25 7 22 25 24 21 16 6 12 22 8 23 7 16 14 23 15 10 24 11 19 8 11 7 10 24 23 19 23 25 12 12 25 21 15 20 18 5 21 16 9 15 10 11 23 10 16 17 24 7 19 25 21 8 13 12 22 5 12 5 11 21 11 5 15 14 21 13 13 21 5 15 15 9 7 19 14 17 19 23 25 23 19 24 5 8 24 16 23 8 18 21 9 16 8 9 6 6 7 22 25 20 17 22 10 22 18 25 13 24 25 16 7 6 7 20 20 24 19 8 23 9 22 11 10 14 10 23 24 15 12 14 11 5 22 19 12 7 10 20 19 7 19 16 16 5 19 22 16 24 17 22 7 25 20 14 18 6 21 8 9 18 
7 17 19 9 9 11 17 21 6 11 17 15 9 9 12 8 19 11 16 23 18 17 20 7 19 24 22 14 9 12 25 13 15 9 24 12 10 9 14 18 20 17 22 23 25 25 12 21 8 5 6 9 24 15 21 12 19 6 19 9 25 6 6 16 9 25 25 6 18 10 14 10 15 14 12 17 15 14 14 9 15 16 21 18 18 23 7 12 9 6 11 12 20 7 6 23 17 11 9 11 6 10 21 13 8 11 16 11 14 16 7 20 24 6 22 12 6 13 12 22 14 18 10 11 8 14 17 8 16 12 13 16 13 15 18 18 9 12 6 11 16 14 23 16 7 17 15 8 17 21 6 11 7 13 13 6 25 11 25 8 16 24 17 20 16 12 23 17 18 14 24 10 18 14 5 24 11 23 17 8 19 6 18 13 16 17 23 6 6 7 14 15 21 16 9 11 15 14 12 21 
7 10 15 11 17 6 18 5 15 11 9 5 23 15 10 19 18 7 11 7 14 16 5 24 23 17 25 6 13 18 20 22 21 6 15 6 13 7 20 25 8 25 20 23 23 15 5 18 24 21 15 18 7 15 18 25 7 25 5 14 15 24 14 7 16 25 5 18 10 16 7 23 11 22 25 11 13 20 22 20 16 24 20 15 10 5 5 12 13 14 21 9 5 18 22 9 20 20 14 16 11 17 14 23 19 13 5 11 12 7 13 14 7 20 17 23 6 15 21 17 9 15 5 19 13 10 6 15 12 22 16 24 22 19 10 5 16 25 11 15 17 19 12 10 5 5 25 17 25 13 11 9 18 9 23 18 7 15 8 14 6 15 12 8 10 13 23 11 20 17 19 21 9 23 8 14 7 12 8 24 11 16 24 20 11 15 22 10 20 10 5 12 25 17 12 10 5 20 16 21 
20 25 10 19 11 7 6 15 23 5 20 15 19 22 19 18 15 24 20 9 24 20 11 17 24 23 11 19 19 18 10 11 17 17 16 6 7 10 8 18 13 6 18 16 19 15 17 13 5 21 19 19 15 11 17 16 9 19 11 11 25 14 23 24 25 17 12 13 25 9 15 9 11 8 9 18 5 24 14 13 12 9 9 12 10 16 9 13 23 5 23 15 18 20 9 14 7 23 23 15 10 9 22 14 24 21 5 25 15 21 24 5 16 22 8 10 9 10 14 14 14 21 21 7 14 9 20 22 22 6 18 19 14 19 22 19 6 7 7 5 5 24 14 17 9 8 20 5 13 14 13 23 7 14 9 14 14 21 24 22 16 14 14 21 8 10 25 5 9 5 22 24 16 12 14 15 16 14 15 18 24 13 24 25 17 11 18 11 19 19 5 10 11 7 18 7 8 21 18 18 
13 6 20 7 10 12 5 5 13 15 10 18 6 17 23 21 9 9 23 24 9 11 8 25 19 21 18 11 7 11 5 20 10 18 24 18 10 16 9 13 9 5 11 24 8 18 21 15 24 25 8 5 11 9 9 18 25 5 13 19 25 9 8 13 5 20 20 23 22 15 24 22 25 11 8 6 17 15 7 8 10 24 5 21 11 11 6 25 23 24 7 22 19 23 23 19 16 6 23 22 13 10 22 17 10 13 20 23 24 10 9 23 12 8 10 22 17 17 10 19 23 15 14 25 12 8 24 19 9 9 13 23 12 24 16 21 10 8 11 20 20 11 8 19 24 16 8 12 19 11 12 14 24 12 10 18 6 24 23 12 6 11 18 21 11 24 12 16 21 5 15 17 20 8 5 17 10 18 10 23 9 5 17 22 17 22 23 25 7 12 7 21 19 11 12 25 23 22 18 25 
9 9 9 18 20 17 16 16 10 20 15 14 22 13 8 14 6 6 22 16 22 22 24 22 10 21 19 9 22 14 13 9 16 19 20 20 17 18 14 15 15 20 5 19 12 12 7 22 8 21 7 11 19 5 12 13 19 7 24 21 25 23 16 9 10 7 20 8 12 14 9 11 25 14 16 16 19 6 11 15 9 16 6 22 8 19 12 15 9 13 25 12 11 10 24 5 18 22 7 16 6 16 9 24 13 11 23 14 21 23 12 5 8 16 11 25 25 23 20 24 24 12 22 8 21 8 7 18 12 24 10 8 24 15 19 7 6 12 13 13 20 12 22 21 16 21 22 10 20 23 7 14 12 16 25 23 16 9 17 25 22 10 21 18 8 9 18 21 23 16 19 21 20 11 8 9 17 24 25 16 12 8 25 25 19 9 9 18 22 13 18 24 24 12 20 7 8 21 5 19 
10 14 20 13 25 20 16 21 25 11 12 9 19 13 16 9 19 10 19 6 24 21 13 14 9 13 13 9 13 15 14 15 11 13 22 19 22 24 6 21 5 7 6 6 20 16 7 24 20 12 23 10 9 19 24 12 23 14 16 25 13 24 18 6 17 12 18 14 20 11 17 17 20 7 14 13 18 20 16 21 20 24 16 19 10 21 5 15 16 7 8 24 21 21 24 25 14 6 7 24 11 17 24 16 16 23 9 5 16 11 21 14 10 5 25 13 16 20 11 17 17 23 18 6 12 5 17 24 20 6 18 22 7 17 19 22 18 19 13 8 20 22 15 18 13 15 17 24 22 18 13 15 24 21 19 24 23 22 21 16 22 14 23 14 23 15 10 21 19 15 13 15 18 7 9 23 25 22 11 7 23 19 18 22 6 20 13 13 11 18 13 13 20 8 23 14 15 17 25 16 
25 5 25 10 19 7 10 22 10 12 10 15 16 11 9 13 7 10 8 24 18 5 11 6 8 21 5 25 21 15 25 12 14 19 9 6 13 8 24 25 8 5 6 23 22 9 8 21 20 18 21 12 5 23 6 7 11 19 25 18 22 23 9 11 17 18 15 5 16 18 10 23 10 15 16 19 20 8 14 19 9 24 10 6 18 9 9 5 24 24 22 16 19 21 15 17 15 19 18 20 21 9 7 25 17 9 24 19 14 13 20 18 15 21 7 22 21 11 6 10 14 10 5 10 18 14 16 9 21 15 20 10 5 21 11 20 24 11 23 8 9 7 19 10 25 18 7 5 23 19 21 10 24 8 10 22 22 9 22 11 21 11 9 6 8 15 13 18 14 18 9 25 11 24 19 7 20 19 13 11 12 6 14 14 23 23 17 19 21 21 19 22 12 7 25 9 9 17 22 5 
8 21 10 10 10 16 5 18 15 21 14 25 23 12 22 8 16 11 16 23 24 5 12 22 24 19 5 7 12 19 24 10 16 5 17 20 16 25 22 13 14 16 5 18 6 20 18 22 18 7 22 21 22 5 22 9 16 15 25 20 22 15 20 18 17 11 8 17 21 13 5 20 15 10 11 16 19 16 15 18 17 19 16 11 8 5 5 25 24 19 17 13 23 5 10 16 5 14 10 14 20 9 15 8 6 24 22 11 17 13 20 25 13 6 10 23 19 17 18 25 10 8 6 5 25 14 12 9 6 23 16 14 7 5 21 5 8 12 14 25 21 6 18 6 16 7 19 10 10 14 11 6 12 15 24 25 17 9 17 22 19 19 5 8 23 20 14 19 14 5 12 8 10 18 9 7 9 10 6 22 21 17 13 8 19 6 5 25 11 24 16 18 9 22 24 17 6 13 21 14 
8 6 5 24 9 11 14 11 8 22 21 11 13 7 8 25 11 23 16 13 22 14 16 22 20 24 5 10 19 10 5 17 7 13 13 19 22 16 6 22 21 21 21 25 8 15 19 12 20 19 7 23 25 23 21 16 24 9 10 8 24 23 9 13 19 19 18 15 15 5 19 21 23 21 9 17 11 11 25 25 10 6 17 19 16 15 10 22 25 21 5 21 7 23 7 7 24 9 13 21 17 20 21 10 7 8 16 10 9 13 21 18 18 7 8 14 17 22 22 22 19 12 5 5 18 12 15 24 12 7 16 14 18 19 18 12 16 7 20 19 9 21 20 24 11 22 14 13 8 17 11 17 16 15 10 9 23 11 24 25 11 6 11 22 10 10 13 6 24 15 25 25 23 21 11 17 9 21 13 6 12 19 8 7 16 10 8 11 13 9 22 13 14 19 12 23 9 5 6 14 
16 21 21 19 22 22 22 8 5 12 11 17 15 12 23 12 11 19 14 16 24 19 13 12 9 7 16 22 9 20 13 13 10 11 6 25 19 19 15 10 21 19 19 15 23 25 18 11 25 12 8 20 8 14 19 22 16 11 9 15 8 13 8 24 18 5 8 10 11 9 11 14 13 15 17 21 25 6 17 24 13 18 21 9 25 18 20 24 5 24 25 7 7 10 22 23 21 19 17 17 16 18 6 10 8 12 10 25 12 17 18 5 25 17 6 18 9 13 9 18 23 12 21 14 6 20 21 8 11 19 10 14 13 10 15 8 6 14 13 6 16 14 16 16 18 25 5 9 5 11 22 24 21 19 5 19 10 14 8 18 17 8 15 21 24 18 8 19 17 20 24 13 12 5 5 9 5 12 9 18 13 5 25 21 6 19 10 14 24 10 6 6 13 5 23 24 11 18 13 8 
5 24 9 24 16 20 14 24 9 24 13 6 18 13 25 6 21 25 17 23 14 12 13 11 10 22 14 22 22 11 15 5 25 12 25 5 6 10 8 14 6 17 19 6 5 18 25 19 13 19 11 17 11 24 23 6 10 23 13 20 21 21 15 19 21 9 8 14 24 17 12 14 23 7 17 20 25 5 25 16 5 23 7 19 25 16 6 6 25 9 15 17 18 16 11 14 15 10 8 17 8 21 25 18 18 21 25 17 25 9 21 12 14 9 5 18 7 25 14 25 19 17 19 16 24 12 18 18 15 6 19 8 25 10 23 21 23 20 23 18 17 23 8 5 24 7 15 14 16 8 8 15 11 14 12 13 12 5 8 15 5 23 21 14 20 16 22 13 20 22 24 14 16 7 16 9 14 19 8 19 5 11 14 10 8 24 6 13 17 18 12 10 19 19 23 7 20 14 10 9 
25 16 25 23 16 6 12 19 14 21 8 9 14 21 9 21 12 25 25 9 14 18 13 9 22 9 18 13 14 25 17 20 23 8 8 13 16 10 21 8 5 24 22 13 24 10 9 20 15 9 13 25 23 15 15 15 12 23 10 23 15 12 5 15 12 18 6 22 14 11 23 11 24 14 25 10 15 15 8 16 21 25 6 11 22 5 18 9 21 22 6 20 15 6 18 6 25 19 16 18 12 7 16 20 13 11 19 5 13 18 15 21 6 10 5 11 15 8 17 16 7 23 22 14 9 20 12 24 21 20 23 16 13 19 16 6 12 10 13 17 25 24 17 24 19 24 19 16 5 7 6 17 7 18 20 9 14 11 23 15 16 24 18 24 21 15 14 23 10 20 24 9 15 22 16 13 20 13 21 5 20 13 17 11 5 13 9 13 9 22 23 10 16 6 19 15 24 24 19 19 
8 23 12 17 16 6 14 17 19 23 14 11 24 16 14 22 18 9 5 8 15 18 19 16 18 20 12 15 9 22 15 25 20 16 8 6 19 18 7 23 22 13 6 10 9 14 22 7 16 20 13 21 15 10 19 20 11 10 8 18 8 7 6 10 10 12 9 9 17 18 10 17 23 15 14 13 6 10 23 7 19 15 20 12 11 15 24 8 18 18 8 6 13 5 12 5 16 18 18 10 5 14 14 7 10 17 19 18 9 9 12 21 22 17 23 8 12 12 14 7 12 16 17 14 18 25 6 18 6 13 24 23 22 18 5 19 23 20 10 10 12 22 7 25 6 5 6 6 25 24 5 24 18 14 6 23 20 15 25 14 23 12 24 6 25 6 11 16 12 21 25 9 12 22 17 18 12 10 21 15 20 20 11 20 13 16 18 25 15 17 15 24 16 6 23 14 16 19 11 24 
22 9 5 20 10 10 11 15 6 20 23 8 9 12 21 21 6 19 17 19 5 8 5 10 12 18 10 6 18 22 24 5 6 11 22 17 25 9 14 14 9 14 16 13 6 19 22 10 19 15 16 17 11 18 18 22 7 5 24 13 15 23 5 25 12 25 11 7 19 6 8 10 14 9 13 24 6 20 18 11 24 11 17 19 17 13 15 22 9 21 9 14 14 17 7 24 18 24 17 24 19 16 13 18 25 14 11 24 8 23 9 25 5 7 6 13 8 10 12 16 18 12 17 18 25 22 19 25 15 17 9 11 9 12 24 11 17 12 15 6 10 16 15 14 20 19 18 17 11 8 5 8 6 20 5 23 15 20 6 8 5 5 6 22 19 18 12 25 19 24 16 17 15 16 6 20 16 15 13 21 17 8 25 22 18 19 20 17 20 17 13 16 24 6 12 18 19 17 9 10 
10 21 12 25 24 21 18 21 14 20 19 20 15 21 17 19 8 21 12 16 11 5 17 7 16 11 18 12 21 20 22 21 23 9 11 13 24 13 16 19 6 12 10 21 20 15 9 23 25 9 21 7 6 21 17 23 21 5 22 5 18 21 11 7 20 13 23 13 20 22 5 11 17 25 8 20 5 8 23 13 7 23 12 7 23 23 24 19 6 9 8 7 6 19 18 23 17 5 7 5 22 19 9 18 21 24 23 22 8 23 15 11 7 14 18 20 20 15 10 16 17 16 9 20 25 16 21 16 22 20 10 18 21 20 6 16 7 11 7 23 7 21 23 19 8 12 18 20 20 6 22 10 5 14 25 10 12 20 12 18 13 18 5 12 8 7 10 23 15 23 5 25 25 14 17 13 25 17 19 11 5 11 24 20 17 7 19 19 9 22 24 17 23 20 11 16 20 25 16 14 
15 8 25 23 20 15 8 15 24 6 13 7 23 5 16 20 8 12 24 13 21 18 23 23 12 20 16 6 10 22 11 7 12 12 22 18 19 23 23 22 25 10 23 10 18 11 17 6 10 22 20 10 10 8 13 22 18 5 12 11 20 14 24 17 21 14 20 25 7 20 22 12 18 13 12 12 22 15 22 14 25 21 12 17 6 19 18 23 5 18 21 7 6 18 15 19 8 6 7 23 14 12 6 22 5 16 17 15 24 6 21 18 22 10 16 10 17 18 14 11 14 15 8 21 14 18 5 5 14 18 22 24 8 12 13 7 24 11 17 9 18 22 24 12 9 25 8 15 14 19 16 15 14 6 9 6 25 20 13 11 8 9 5 6 22 15 16 5 17 6 21 15 18 20 16 9 23 14 18 6 9 21 18 18 7 18 25 10 25 16 10 8 15 18 10 24 8 21 5 11 
25 5 22 21 22 24 18 21 11 21 18 8 17 24 7 6 8 10 23 5 23 22 9 9 7 15 12 11 24 14 8 19 17 25 22 7 6 23 10 21 15 25 9 15 15 16 11 24 23 16 18 16 5 17 16 6 12 24 16 19 25 25 9 23 15 16 8 21 13 7 9 19 7 16 19 10 21 7 10 13 9 24 12 14 7 7 15 9 8 5 11 25 11 24 8 15 14 24 18 21 24 16 6 6 11 23 21 5 14 15 6 18 18 17 13 23 20 21 8 10 6 14 16 16 24 10 5 10 19 8 11 13 23 10 12 13 25 25 17 22 18 17 14 21 9 13 17 14 18 12 14 17 7 16 16 7 5 5 13 19 6 24 18 14 16 13 12 8 14 19 15 12 16 19 7 25 18 23 6 7 19 17 7 20 6 16 23 7 23 16 5 12 7 20 13 10 11 17 12 22 
199
199
199
199
199
199
199
199
199
199
199
199
199
199
199
199
199
199
199
199
15 11 15 5 15 6 4 9 14 11 8 11 6 12 6 5 3 13 13 18 3 8 19 19 4 6 10 14 11 16 11 12 3 10 13 13 14 11 19 9 13 7 5 6 11 17 5 3 8 10 8 3 12 6 4 8 19 5 18 4 16 5 10 18 7 14 4 7 4 6 15 9 11 4 11 11 13 7 8 14 6 5 10 8 15 14 6 6 13 15 3 13 9 12 17 10 6 17 6 11 3 4 13 12 11 18 17 10 8 6 14 7 12 13 18 10 16 3 11 15 15 9 4 3 15 6 13 6 8 13 8 14 5 14 15 9 9 13 6 11 12 8 4 14 4 6 5 15 9 3 13 9 8 16 13 7 15 5 10 18 6 9 9 9 11 12 4 7 7 4 10 10 4 12 5 10 14 19 15 6 3 14 8 4 4 7 11 5 6 3 10 13 14 7 9 14 17 10 10 5 
8 9 17 7 12 3 10 18 20 8 13 3 13 7 11 15 14 15 4 15 9 10 10 3 10 11 10 7 11 7 6 12 5 6 17 17 10 15 18 10 6 18 6 12 6 3 15 13 15 11 15 10 4 7 11 10 15 11 13 13 10 4 16 6 7 16 7 5 9 15 12 3 7 16 8 5 12 13 3 5 14 11 10 6 8 11 12 14 9 4 12 6 15 13 4 8 10 4 10 6 4 7 13 18 8 14 15 13 3 4 10 6 12 13 16 8 4 11 10 11 19 8 3 15 3 6 7 17 9 9 16 12 4 9 15 12 15 13 4 7 6 14 7 4 6 15 16 14 18 12 10 12 13 18 4 13 15 7 3 11 14 13 18 12 16 9 7 17 6 4 4 4 9 16 15 12 3 12 16 10 15 9 16 7 15 6 13 10 3 16 8 14 9 9 6 11 11 9 17 15 
10 5 11 5 17 6 16 8 3 3 14 18 5 12 12 8 10 7 13 11 6 4 6 15 16 14 15 9 12 9 10 5 8 7 6 8 6 9 14 4 11 19 16 14 11 5 9 16 5 15 5 10 10 13 12 7 19 8 14 4 8 5 5 16 15 11 16 19 7 6 17 11 11 16 14 3 17 11 6 8 6 7 18 6 9 12 18 6 14 15 13 6 10 6 17 3 9 3 8 11 7 3 9 9 12 9 7 12 3 8 10 6 5 13 9 9 11 16 14 12 11 13 4 5 13 9 15 5 13 12 6 10 6 6 5 4 5 16 19 13 12 16 8 16 10 20 10 14 20 9 5 5 5 12 11 16 14 6 15 7 14 7 7 10 6 12 13 10 6 11 6 3 17 15 6 4 6 14 10 6 14 12 11 3 12 14 11 15 10 12 5 17 14 8 13 3 12 6 7 10 
4 9 10 7 5 8 11 11 3 6 9 9 7 5 7 4 15 7 10 16 11 13 15 5 13 19 16 7 5 9 15 9 10 5 13 9 7 5 7 9 11 9 17 14 17 18 9 15 5 3 3 6 18 11 15 9 11 3 14 7 14 4 4 12 5 18 18 4 14 7 8 6 11 7 9 10 8 8 11 7 9 10 13 12 12 15 5 9 6 4 7 9 15 4 4 12 12 6 6 7 5 6 11 9 5 8 9 7 10 12 4 14 14 3 17 8 4 7 9 12 10 14 6 7 6 10 12 4 10 8 9 11 7 10 14 10 7 8 4 8 9 8 14 10 5 11 9 6 10 14 4 6 5 8 9 4 19 6 16 5 9 16 9 11 9 7 16 9 11 8 19 7 11 8 4 15 7 13 9 5 11 5 12 7 12 10 12 5 3 4 8 11 13 8 5 7 8 11 7 15 
5 6 9 8 10 4 9 3 12 8 7 3 15 8 7 15 10 4 6 6 9 9 3 16 14 13 19 3 8 9 15 14 15 4 11 4 8 5 13 17 4 18 10 17 12 8 3 9 14 17 10 13 4 8 9 16 4 13 3 10 9 13 9 4 11 13 3 14 7 10 4 17 8 16 17 7 9 14 13 14 11 18 15 8 8 4 3 6 9 10 15 5 4 14 15 5 14 15 8 8 6 9 9 18 15 8 4 8 9 6 7 9 5 12 11 13 4 8 15 13 6 10 3 15 7 7 4 10 7 13 11 12 16 13 5 3 8 15 6 10 10 12 9 8 4 3 15 10 19 10 9 7 14 5 13 11 5 8 5 10 3 11 7 5 5 10 18 6 13 12 15 13 7 13 4 10 4 7 6 17 9 11 16 13 6 9 12 7 16 7 3 7 18 11 8 5 4 10 9 13 
14 19 6 14 8 4 5 8 18 3 16 12 12 12 14 14 9 17 12 5 16 13 7 9 13 14 6 13 12 12 5 6 9 11 9 3 4 5 6 9 8 5 10 11 12 8 9 9 3 16 10 12 8 8 12 10 5 12 8 7 14 8 16 14 18 13 8 8 14 6 11 6 9 4 6 12 4 18 8 8 7 6 5 7 7 9 6 7 16 4 16 9 14 16 7 9 5 13 17 10 5 7 13 8 18 17 4 17 8 12 17 4 10 13 4 5 6 6 10 10 8 14 17 5 11 5 15 12 13 5 14 12 8 13 16 12 5 5 4 4 4 17 9 12 5 5 15 3 8 9 7 17 4 11 7 8 11 15 16 17 8 8 9 15 6 8 20 4 7 3 15 18 9 8 8 12 10 10 10 13 13 7 17 17 12 6 12 7 12 12 4 8 7 6 13 5 4 13 13 14 
7 3 12 4 5 6 3 3 7 11 6 14 5 13 17 14 6 5 15 14 5 6 5 18 13 15 14 7 5 8 4 16 8 11 18 11 7 9 5 7 5 3 9 12 6 9 15 8 19 14 4 3 9 6 5 12 13 4 10 10 18 6 5 7 4 11 10 17 14 9 13 16 14 8 4 4 9 10 5 6 6 18 3 17 6 6 4 14 15 14 4 16 11 17 17 11 9 5 13 12 8 8 12 13 6 10 15 17 14 8 5 18 10 5 6 15 9 11 6 15 17 8 9 17 7 6 15 10 5 7 10 12 7 13 8 11 5 5 7 14 11 7 5 12 19 9 6 7 15 8 9 10 14 9 5 14 3 14 17 8 3 7 14 13 7 17 9 9 11 3 12 11 14 5 4 10 6 11 6 16 6 3 11 13 9 17 18 17 5 6 4 14 11 7 7 18 17 17 13 15 
5 6 5 9 13 13 9 9 7 15 10 8 14 8 5 7 4 4 16 12 14 15 15 13 7 12 13 6 16 7 8 7 12 12 11 14 11 10 9 10 11 12 3 14 8 7 4 16 4 11 6 6 11 3 8 10 10 5 14 12 20 13 12 5 7 4 13 4 8 10 5 6 19 9 10 11 11 4 8 8 5 8 4 12 4 14 8 9 6 9 13 8 9 6 15 3 11 15 6 9 4 10 6 14 10 7 13 10 14 14 7 3 5 9 9 16 16 14 11 17 13 7 11 6 14 6 4 9 8 12 6 5 18 11 15 4 3 8 9 7 14 7 16 12 10 13 11 6 14 18 5 11 8 9 13 18 11 6 10 19 15 8 11 11 4 5 11 11 13 13 11 13 12 7 5 6 11 15 18 12 8 4 16 13 10 6 6 12 12 7 12 13 14 9 11 4 5 14 4 15 
6 11 16 7 14 14 12 15 20 8 7 5 10 10 9 7 15 8 13 5 13 11 7 10 7 8 9 7 9 10 9 8 8 9 16 10 12 12 3 15 3 5 5 4 16 13 4 14 13 6 18 6 6 15 12 7 17 8 12 19 8 16 10 4 11 8 11 8 15 6 9 11 16 5 9 8 10 12 9 16 11 17 11 10 7 15 4 10 11 4 6 16 12 16 18 14 8 4 4 17 7 9 14 12 12 13 7 4 13 8 11 7 6 3 17 8 10 15 6 11 9 18 13 4 6 3 10 14 13 4 14 14 5 13 14 13 14 11 8 4 12 14 11 14 9 9 13 13 17 14 7 10 15 11 11 19 16 14 17 9 15 8 13 9 12 11 8 16 11 8 10 8 9 5 6 18 14 12 6 5 15 12 11 12 4 10 10 10 6 13 7 7 13 4 13 7 9 10 16 10 
14 3 18 6 14 6 7 11 7 9 7 11 13 6 5 10 6 6 4 17 12 3 7 4 6 15 3 13 16 12 16 8 10 13 6 4 10 5 19 17 6 4 4 12 15 7 6 13 12 11 16 9 3 15 3 4 7 15 17 13 12 13 6 7 11 12 8 3 11 10 6 16 7 9 10 15 14 6 8 11 5 18 7 5 12 5 5 3 15 14 15 11 15 13 11 11 10 10 12 13 16 6 4 16 9 5 17 13 11 8 13 13 11 15 6 11 13 6 4 7 8 6 4 6 11 9 9 5 15 8 12 5 3 15 6 11 17 7 17 6 6 5 10 5 14 12 5 4 18 15 12 6 14 6 7 17 12 6 16 6 11 8 6 3 6 8 9 12 9 11 6 13 6 18 14 4 11 10 7 9 9 3 10 11 13 17 11 15 16 12 11 17 7 4 18 5 6 10 17 3 
6 15 6 7 7 8 3 14 11 15 11 18 18 7 12 5 10 7 9 16 17 3 6 15 13 12 3 5 8 14 18 7 12 4 9 11 13 20 14 7 8 10 3 10 4 11 11 12 10 4 11 16 17 4 12 7 9 9 14 13 14 12 12 12 9 6 5 12 13 9 3 11 11 5 6 11 13 9 9 14 12 15 9 7 6 3 3 14 18 14 9 10 16 4 7 13 3 10 8 8 10 6 10 6 4 15 14 6 13 8 12 17 9 3 6 14 13 9 14 15 7 6 5 4 17 10 9 7 3 13 9 8 4 3 15 3 6 9 7 17 12 4 11 5 9 5 14 6 6 8 8 4 8 11 17 13 11 5 10 16 15 14 3 5 12 10 11 10 7 4 8 5 7 11 7 5 7 7 4 15 12 11 10 5 15 3 3 15 6 19 10 11 6 13 16 12 4 9 16 8 
4 3 3 14 6 7 7 7 5 15 13 6 9 4 5 15 6 14 12 7 15 8 11 15 11 17 3 7 14 8 3 13 4 9 9 14 14 10 5 15 13 16 12 16 6 11 13 9 16 12 5 15 14 14 13 10 18 5 5 4 14 17 5 8 10 10 10 10 10 4 14 11 17 11 6 14 7 8 18 14 5 3 11 15 12 10 7 16 19 16 4 13 5 15 5 5 17 7 8 11 10 11 14 6 5 5 10 6 7 9 14 11 10 4 6 9 11 14 11 17 11 7 3 3 11 7 9 16 6 5 8 9 10 11 10 8 12 5 11 10 5 16 11 15 8 13 9 9 6 12 6 12 8 10 6 5 18 7 15 13 6 4 8 11 8 8 9 3 15 8 14 17 15 11 6 11 5 16 8 4 6 14 5 4 11 7 5 6 8 7 13 7 11 15 7 15 6 4 3 9 
11 17 16 13 15 13 16 4 3 7 6 10 10 8 13 6 7 12 7 12 14 14 9 6 6 6 11 12 6 10 8 7 6 7 4 19 11 10 12 7 16 12 12 11 12 16 11 9 14 7 6 16 6 11 14 14 11 8 5 10 6 7 4 19 14 3 5 6 6 5 6 11 9 11 10 12 17 4 11 16 7 10 17 5 17 13 15 15 3 13 16 6 5 7 15 16 14 11 9 13 13 13 5 8 5 9 6 16 7 11 11 4 15 10 4 9 7 10 6 10 13 7 12 11 4 15 14 6 6 12 6 9 8 5 10 4 4 7 9 5 8 11 12 11 14 13 4 5 4 8 15 16 12 14 4 11 6 11 4 14 9 5 9 14 19 14 5 10 10 11 19 9 7 3 3 5 3 8 5 12 7 3 19 14 4 12 7 10 15 7 5 3 8 3 17 16 8 9 9 5 
4 15 7 13 10 10 8 13 6 15 7 3 10 10 17 3 11 18 11 13 8 8 7 8 7 13 9 14 16 6 8 4 17 9 18 3 4 6 5 11 4 11 11 4 3 10 14 13 8 10 6 13 7 16 12 5 7 12 9 13 13 15 8 15 12 6 6 10 18 14 9 8 14 4 12 13 18 3 20 9 3 17 4 11 16 13 3 4 18 6 8 11 12 9 7 9 12 7 6 12 6 15 16 13 14 13 15 9 17 5 12 9 9 5 3 14 6 20 8 19 14 13 12 9 12 6 9 13 11 3 13 4 18 6 14 16 16 14 13 13 11 18 5 3 18 5 10 11 8 4 6 10 6 9 9 10 9 3 5 10 3 16 16 10 15 11 14 9 12 12 18 11 12 6 10 5 11 12 5 15 3 9 10 7 5 18 4 7 13 10 9 5 11 10 16 5 15 9 5 7 
17 11 17 15 12 4 8 12 8 15 4 5 8 16 6 13 9 16 13 6 7 10 8 6 17 7 11 7 11 17 13 14 17 6 5 7 10 5 17 6 3 17 14 8 12 7 5 10 11 5 10 17 18 11 12 12 9 12 7 15 11 9 4 11 10 13 5 16 8 7 16 8 15 7 14 6 11 9 6 13 12 13 5 7 15 3 10 7 11 12 4 11 12 4 12 4 17 10 12 13 9 5 11 16 7 8 10 4 7 14 9 13 4 7 3 8 11 6 13 13 4 18 15 7 6 16 7 15 13 16 16 9 9 11 12 3 9 6 7 11 20 12 12 18 14 17 12 8 3 4 5 10 4 14 11 6 11 7 12 11 12 13 14 18 16 9 9 16 8 14 13 6 10 15 12 8 12 9 16 3 16 9 11 6 3 8 7 10 7 15 18 7 11 4 12 11 18 15 12 11 
4 13 7 12 11 3 9 10 14 12 9 7 16 10 9 15 12 6 4 4 8 11 11 9 13 12 8 10 6 17 10 19 13 8 5 4 11 10 4 16 12 10 5 6 5 10 12 4 12 15 10 16 11 7 11 10 7 5 6 14 6 5 3 6 8 9 6 5 9 14 7 13 15 10 9 8 5 6 12 5 13 11 14 8 8 10 19 6 10 10 4 4 9 3 6 3 11 14 12 8 4 7 9 4 6 13 11 10 6 5 8 14 16 13 17 6 8 6 11 4 7 8 10 8 10 19 5 14 4 7 13 13 17 11 3 13 18 10 8 8 7 17 4 20 5 3 4 4 20 13 3 13 10 10 3 17 11 10 19 10 14 8 14 3 13 4 7 9 7 12 13 5 6 14 9 14 7 6 12 9 15 11 9 15 8 12 13 20 9 10 9 18 9 3 18 9 11 10 6 16 
17 6 4 14 5 8 8 10 5 14 13 5 5 9 11 12 4 10 13 15 3 4 3 5 8 14 6 5 12 16 15 3 5 6 11 9 20 7 8 10 7 8 12 10 5 14 15 6 11 9 10 11 7 13 11 13 4 3 12 10 10 18 4 15 8 17 6 5 10 4 5 6 7 7 7 16 5 12 14 6 15 8 10 13 11 7 12 14 5 13 5 7 11 11 5 15 11 18 11 14 11 9 8 9 18 9 7 16 5 16 6 16 4 5 3 10 5 5 7 11 13 8 12 14 15 17 11 14 12 12 5 8 7 9 18 7 11 9 8 4 6 9 10 9 14 12 10 9 7 4 3 6 5 13 4 17 10 13 4 5 3 4 4 15 13 10 8 13 11 15 12 9 10 9 4 14 10 11 8 14 9 6 15 17 11 14 16 9 14 13 10 12 13 3 6 9 13 9 7 7 
5 17 9 15 13 15 10 11 9 15 11 15 10 11 12 10 6 15 6 10 7 3 12 5 11 7 10 7 11 11 15 14 12 5 8 10 19 7 11 13 4 7 6 14 11 9 5 14 16 6 12 4 4 15 12 18 12 3 14 3 11 16 8 5 15 9 17 8 13 12 3 6 12 13 6 10 4 6 16 7 4 12 9 4 12 17 18 10 4 6 6 4 3 10 10 13 11 3 5 3 16 13 5 9 13 12 18 15 6 15 12 6 5 9 12 12 15 11 6 12 12 10 6 14 16 11 13 8 16 14 6 10 14 13 5 10 4 8 5 15 5 16 12 14 6 7 12 13 11 3 12 5 4 9 13 6 6 12 8 10 9 11 3 9 4 4 6 18 12 17 4 19 16 11 9 9 17 9 13 8 4 8 14 12 9 4 14 14 7 16 18 9 14 14 8 13 14 19 10 10 
11 6 13 13 13 11 5 9 17 4 8 4 13 3 13 12 6 9 17 10 12 10 17 13 9 15 11 3 7 13 7 5 6 8 16 13 10 18 14 11 19 6 13 8 11 7 11 5 5 13 16 8 6 6 9 16 10 4 9 7 16 8 12 12 14 10 11 20 4 16 13 8 14 7 8 10 14 8 12 9 13 12 8 9 5 11 13 17 3 11 16 4 3 9 9 14 4 5 5 12 10 7 5 17 3 9 10 12 18 4 17 11 12 6 10 8 12 10 8 8 9 10 6 14 10 13 3 3 8 10 13 13 5 8 10 5 16 6 11 6 10 14 19 7 5 13 4 8 9 12 10 12 8 3 7 4 16 13 10 6 5 5 4 4 13 11 11 3 12 4 15 11 14 14 10 5 18 8 9 5 5 14 13 12 4 12 13 8 15 11 6 4 10 9 8 18 4 14 3 6 
18 3 12 15 15 17 10 16 6 13 10 6 12 12 5 4 6 7 17 3 13 12 6 7 4 10 9 9 18 10 4 12 10 19 11 4 4 14 7 14 10 13 5 12 8 10 7 16 12 12 11 10 4 11 12 3 8 12 11 11 18 16 6 14 11 10 5 11 9 5 7 15 4 10 14 7 16 5 8 10 6 14 8 7 5 4 12 5 5 3 8 14 8 16 5 11 10 18 12 11 16 8 3 4 7 15 12 3 11 11 4 11 12 12 7 18 13 11 5 5 4 9 9 9 19 5 3 8 11 6 6 7 17 5 9 10 19 16 11 12 14 10 7 16 5 8 9 9 10 8 9 13 5 12 11 4 3 3 10 10 3 19 10 7 12 9 9 6 7 14 10 9 10 13 4 15 11 12 3 5 12 13 5 14 4 13 18 4 13 9 4 8 4 14 9 5 6 13 7 14 
28 30 32 11 28 9 9 19 30 29 17 20 13 29 13 9 9 26 27 35 6 17 37 34 9 15 24 30 19 31 24 26 9 21 33 22 23 20 31 25 37 16 11 11 24 32 9 8 14 26 16 7 21 11 7 15 33 10 30 7 29 10 18 31 16 24 10 13 11 12 25 19 27 12 19 19 30 13 21 28 10 12 20 17 32 29 15 17 37 24 8 36 15 25 30 23 11 29 13 30 6 7 29 30 24 34 30 25 15 14 31 11 21 29 31 25 30 9 23 24 28 24 8 7 30 12 30 14 20 28 20 23 13 33 33 19 24 34 13 25 33 19 6 32 9 10 12 23 20 7 32 19 22 29 26 13 32 11 18 32 11 22 16 25 29 31 9 17 12 12 29 22 6 23 11 28 28 36 28 11 7 32 22 9 7 16 20 11 13 8 19 32 23 16 22 36 30 18 25 10 
15 19 30 13 23 7 19 32 35 21 21 6 20 18 23 31 29 29 7 25 19 16 18 7 26 21 24 15 23 11 11 23 8 12 28 33 19 31 34 26 13 33 12 28 13 8 28 26 31 24 26 19 9 11 29 25 29 31 22 32 21 8 28 17 14 29 18 13 22 29 22 7 15 27 13 10 27 34 6 12 25 27 23 11 15 21 29 26 19 9 25 16 27 34 7 13 16 7 20 13 8 15 35 31 20 25 26 27 8 6 24 11 22 30 26 16 10 26 24 20 29 14 6 28 8 12 17 28 15 18 30 29 7 19 25 27 33 31 10 13 12 28 15 8 11 31 30 25 35 22 19 22 28 32 9 27 34 14 8 26 23 26 30 24 25 18 14 33 12 11 9 10 20 32 37 26 9 24 32 24 25 16 29 15 30 13 35 21 8 37 15 24 20 21 14 23 23 20 30 26 
19 12 23 9 34 13 33 17 8 7 37 29 13 21 25 19 19 18 29 20 13 9 11 35 34 33 24 24 34 18 21 9 23 15 15 19 13 21 31 9 27 35 31 30 20 8 16 29 10 31 10 22 19 30 20 14 34 15 23 10 16 9 13 35 32 23 28 36 17 15 30 26 19 27 22 7 30 20 13 21 14 16 34 13 19 21 34 9 25 30 30 10 17 15 32 7 18 6 16 29 14 7 22 18 26 16 17 30 7 20 18 11 9 27 20 21 23 34 34 28 23 33 6 10 29 24 28 10 25 31 12 21 10 13 8 8 10 32 36 30 22 32 15 27 25 36 17 29 32 24 9 9 9 29 27 35 25 11 33 12 32 15 13 18 15 34 34 18 17 19 15 7 32 28 15 10 13 27 28 10 25 21 19 6 27 28 23 35 22 28 9 35 26 19 22 8 26 10 12 24 
9 24 26 11 12 16 23 30 9 16 24 20 13 12 18 11 26 16 24 32 25 23 26 9 24 34 29 19 11 15 37 18 22 12 32 18 13 12 19 24 25 22 29 31 37 33 15 29 10 6 9 13 35 19 29 17 27 9 24 11 32 9 8 20 12 34 35 7 25 14 19 14 18 17 15 24 20 20 20 11 19 21 26 23 25 32 9 17 11 8 16 18 28 9 8 33 25 16 13 16 9 14 27 19 10 15 20 14 21 22 9 26 34 9 28 16 8 16 18 27 18 26 13 13 11 18 25 11 22 16 19 20 18 19 23 24 12 15 9 14 20 17 31 23 9 24 21 12 25 31 7 14 9 16 19 8 35 15 36 10 21 34 23 28 22 15 29 22 22 17 36 15 24 19 7 30 16 28 23 10 23 7 24 17 22 21 31 8 8 10 20 21 31 22 13 15 21 18 16 29 
9 12 21 13 21 8 26 6 20 14 13 7 29 20 13 26 23 9 15 10 18 23 7 32 34 22 37 9 17 23 24 31 31 8 19 9 18 9 27 34 12 30 29 33 33 21 7 24 34 30 22 22 9 19 23 34 9 31 6 18 20 33 18 8 23 36 7 24 13 20 10 31 16 32 32 14 17 27 28 29 23 33 28 21 14 6 6 16 19 19 30 13 7 27 29 11 25 26 18 20 16 21 20 33 27 17 7 14 16 9 19 20 9 29 23 31 8 18 31 22 13 18 7 23 19 13 8 21 15 33 22 33 32 27 12 7 22 35 14 18 23 25 15 12 7 6 32 21 37 18 15 13 25 13 28 26 9 20 10 19 9 20 17 10 13 18 30 15 26 23 26 26 12 28 11 19 10 15 11 29 16 19 31 28 14 19 32 14 25 13 7 18 35 21 16 14 7 29 23 26 
27 32 14 23 14 9 8 18 29 7 27 21 28 27 24 25 20 32 27 12 31 24 14 23 31 31 14 25 24 26 14 13 24 22 22 8 9 13 11 25 19 9 23 23 28 19 24 17 7 30 26 25 20 15 24 23 11 23 15 16 34 19 32 34 37 25 18 19 34 11 21 12 15 12 12 26 7 31 19 16 18 13 13 17 15 20 11 17 31 6 29 18 22 27 11 21 9 33 31 18 12 13 29 18 29 28 7 31 19 26 34 6 23 29 12 12 11 14 20 17 19 26 26 10 21 13 25 28 31 8 22 28 17 26 27 28 8 9 9 7 7 30 18 22 11 10 26 7 19 17 19 29 10 18 11 21 18 30 31 31 23 18 20 30 11 13 31 6 13 7 29 29 20 16 19 21 24 18 22 24 32 17 30 35 23 15 24 16 27 26 7 13 16 10 24 10 10 30 22 24 
17 9 29 9 14 16 6 7 17 22 14 24 9 24 34 31 13 12 31 30 12 14 11 33 28 30 24 14 9 15 6 27 13 24 32 24 12 21 12 16 11 7 14 30 11 24 31 20 34 34 10 6 14 12 12 26 31 7 19 24 36 12 10 17 6 25 29 34 30 21 29 28 34 14 10 8 24 20 9 10 13 33 7 28 15 15 9 30 34 30 9 29 28 29 28 25 20 8 33 27 19 14 26 24 14 19 25 29 30 15 13 32 16 12 12 30 24 22 14 25 33 18 19 34 18 10 29 28 13 13 19 30 17 34 22 26 15 12 15 28 29 14 12 24 35 22 10 17 28 16 18 19 36 17 15 24 7 29 29 16 8 15 23 26 15 34 17 21 31 6 20 23 28 11 7 24 15 23 13 28 12 6 23 30 25 29 31 30 9 18 10 28 23 15 15 31 34 32 24 35 
12 13 12 27 30 22 22 21 12 29 19 20 31 19 10 20 8 7 27 23 29 27 36 28 15 28 28 13 32 18 19 13 23 23 25 28 25 26 18 21 22 26 6 25 17 17 9 30 10 31 9 14 24 6 17 17 26 10 30 27 30 30 20 13 14 9 30 11 18 19 11 16 33 19 19 20 25 8 16 22 12 20 8 31 11 26 17 21 13 18 31 15 14 12 29 7 22 29 10 19 9 21 13 30 18 16 29 18 29 33 16 7 12 21 14 36 36 30 27 36 32 15 27 11 30 10 10 23 17 33 14 10 32 21 25 10 7 15 19 17 27 18 32 26 20 29 30 13 29 30 9 20 18 21 36 32 20 12 22 37 32 15 31 25 10 13 22 28 28 23 27 31 25 15 11 11 22 30 31 22 15 11 31 36 28 13 13 23 26 18 22 31 33 16 25 9 10 25 7 24 
15 18 25 19 35 24 23 30 36 16 17 11 26 17 21 11 25 14 25 8 30 31 18 18 13 16 17 11 18 19 21 19 16 18 31 28 28 33 9 26 7 10 7 7 26 22 10 32 30 15 29 12 11 24 33 15 30 21 20 37 17 34 26 8 25 15 26 21 28 15 21 24 28 9 20 19 26 28 23 25 27 34 23 28 14 27 7 20 22 9 11 30 28 28 32 31 17 9 9 29 15 24 33 21 24 33 13 7 22 16 30 19 14 7 36 18 22 25 14 21 24 29 26 9 15 7 24 35 26 9 25 30 10 24 24 31 23 28 19 11 26 31 21 23 19 19 22 32 32 22 18 19 29 28 28 31 30 32 28 20 31 20 34 21 33 20 15 29 25 19 19 22 23 10 13 32 31 30 15 10 33 27 26 32 8 30 19 16 15 23 18 17 29 11 30 18 20 21 37 20 
32 7 36 14 23 10 15 30 15 17 13 21 23 13 12 19 9 14 11 30 22 7 15 7 11 31 7 37 27 19 33 15 19 26 11 7 17 11 34 30 12 6 8 34 33 11 11 28 27 25 26 16 7 29 8 9 16 28 34 24 28 32 12 16 23 27 21 7 22 25 13 31 13 20 21 27 26 10 18 25 13 34 13 9 22 13 12 7 31 30 33 19 25 26 21 20 22 25 24 26 27 12 9 33 23 13 35 27 20 17 29 25 20 30 9 33 26 16 7 14 20 15 7 13 26 18 20 13 27 20 30 14 7 30 15 28 29 16 33 10 12 10 25 13 33 25 9 7 31 26 28 13 36 12 13 30 31 13 32 15 27 13 13 8 10 18 18 23 20 22 11 35 15 33 24 9 30 27 18 14 16 8 21 21 29 32 23 25 30 26 27 29 16 9 35 12 13 20 33 7 
12 28 13 13 13 23 6 27 22 30 20 30 32 16 33 10 22 15 23 29 33 6 17 27 33 26 7 10 18 27 31 14 20 7 21 26 22 31 30 18 17 21 7 25 7 28 25 28 26 10 31 27 32 7 29 13 19 18 31 29 32 19 26 22 24 16 10 21 28 19 6 30 20 12 15 22 27 21 18 23 23 23 21 16 11 7 7 31 32 27 24 19 32 6 13 19 7 18 14 19 30 13 21 10 9 31 27 15 22 18 26 30 19 8 15 30 26 23 22 34 14 12 9 7 34 17 15 12 9 32 23 17 9 7 31 7 12 16 20 36 29 7 23 9 22 9 27 13 14 18 16 9 16 21 30 35 21 13 23 33 27 25 7 11 34 27 19 28 20 7 18 10 15 23 11 9 11 15 8 32 29 21 18 11 26 7 7 37 14 29 22 23 11 27 32 24 7 19 26 18 
10 7 6 32 11 14 18 16 10 32 26 16 19 10 12 31 13 33 23 18 29 20 24 27 30 34 7 14 23 12 7 23 10 16 19 25 31 23 7 30 26 25 30 32 10 21 25 15 28 25 9 30 32 31 27 23 35 11 12 10 30 30 13 17 23 24 23 18 19 6 24 27 30 30 13 23 14 14 34 31 15 8 24 26 20 18 12 28 37 26 7 26 10 33 10 10 33 13 16 28 22 29 29 14 9 11 23 15 13 18 31 23 27 9 12 19 21 32 31 31 23 16 7 7 25 15 19 34 16 10 20 19 23 28 26 15 23 9 28 26 12 27 26 30 14 27 19 18 11 24 15 22 22 22 13 13 34 14 35 36 16 7 16 30 15 14 17 9 36 19 32 37 34 28 13 23 11 26 19 8 16 25 10 8 19 14 10 13 18 12 31 19 20 28 17 29 13 7 8 20 
23 29 31 25 29 27 31 11 7 18 15 21 19 18 34 18 16 26 18 21 33 24 19 16 11 10 21 27 12 30 18 16 14 15 8 31 24 27 21 14 26 24 23 20 33 31 24 16 32 17 12 25 11 20 23 32 21 14 11 21 12 17 10 30 23 7 11 15 14 12 16 21 17 21 24 28 34 8 22 32 19 22 27 12 33 26 26 36 7 30 35 9 10 13 32 31 26 23 22 23 24 26 7 14 12 15 14 35 15 21 22 7 34 25 8 25 13 18 12 23 29 18 31 17 8 29 25 12 16 27 13 20 16 12 20 12 8 17 19 8 21 17 22 23 26 36 7 13 6 16 32 35 29 25 6 26 13 18 10 26 24 10 20 28 29 25 11 26 23 28 30 16 17 6 7 12 7 17 13 23 19 6 35 27 8 25 15 19 33 13 8 8 18 7 34 32 16 26 16 12 
7 35 11 30 24 28 18 32 12 34 16 9 23 16 35 8 27 32 21 34 17 18 18 14 14 28 17 33 29 15 18 7 36 16 32 7 7 15 10 20 8 21 25 9 7 27 36 27 18 24 15 25 14 34 28 8 12 29 19 26 26 29 20 25 29 13 10 21 32 22 18 18 32 10 24 24 33 6 37 22 6 31 9 24 32 22 8 8 33 12 21 25 23 22 14 20 20 13 12 24 12 29 31 23 24 26 35 23 32 12 29 15 21 12 7 27 9 36 18 33 25 23 28 20 34 16 26 24 18 8 25 10 35 13 30 30 34 30 31 24 24 29 12 6 29 9 22 18 20 11 11 19 16 19 18 19 17 6 11 20 7 32 30 20 28 21 30 19 25 33 34 18 20 10 21 12 20 25 10 24 7 15 18 13 10 35 9 17 25 25 18 14 24 24 28 9 25 17 13 11 
36 21 37 30 21 7 16 27 18 30 10 12 17 25 13 30 16 31 35 13 21 25 19 13 26 13 26 18 17 31 23 25 30 11 11 17 22 12 28 10 7 30 32 17 35 14 11 25 20 11 18 35 33 20 20 21 17 28 14 32 18 17 6 19 18 27 9 30 18 14 30 15 34 21 33 14 19 21 10 20 26 32 7 15 31 7 23 11 31 29 9 26 21 9 25 8 37 24 22 24 15 9 23 27 18 14 24 6 19 27 18 30 9 15 7 14 19 10 25 23 10 30 26 19 11 24 18 36 28 28 33 23 19 24 23 9 17 13 16 23 32 35 25 32 26 36 27 20 7 9 8 21 9 25 25 12 17 15 28 20 21 32 24 30 26 22 21 29 14 28 34 12 21 30 22 19 26 19 31 6 29 16 22 15 7 19 12 19 13 29 30 14 22 8 28 19 32 36 25 27 
11 33 18 23 19 9 18 25 25 33 19 15 30 20 19 27 22 12 7 11 19 26 25 21 23 25 17 20 13 28 19 36 29 24 10 8 23 25 8 30 31 18 7 15 13 17 31 9 24 26 16 28 19 12 23 27 13 15 10 22 11 9 7 14 15 17 13 12 24 23 13 21 32 22 18 16 8 12 33 9 24 20 27 16 14 18 35 10 26 24 10 7 18 6 17 6 21 25 26 15 6 21 17 10 13 24 28 23 12 11 17 31 30 25 32 12 17 17 20 9 16 21 23 21 26 32 9 24 7 18 30 34 27 26 6 28 34 30 15 14 17 28 10 32 7 6 9 8 33 35 7 30 27 18 8 28 25 19 31 18 31 16 34 7 37 9 14 21 15 26 32 11 15 30 23 27 17 14 26 21 27 26 14 30 19 21 24 36 22 25 22 35 23 7 32 19 20 26 14 35 
32 13 7 26 14 13 16 22 9 25 31 10 12 16 28 28 9 23 23 28 7 12 7 15 18 23 12 9 22 32 29 7 9 16 27 22 37 12 19 20 13 19 21 16 8 27 32 13 23 19 20 22 15 26 27 32 10 7 31 18 22 29 7 35 16 34 15 10 26 8 11 14 20 11 18 33 7 25 25 15 34 16 21 28 22 17 21 30 13 27 13 20 20 23 10 36 24 31 25 30 28 21 16 25 34 17 15 34 11 31 11 34 6 8 9 19 10 12 17 21 22 17 25 26 32 30 28 32 20 23 13 16 12 18 32 16 25 15 19 8 14 23 20 20 25 26 23 25 16 11 7 10 9 26 7 34 19 25 7 11 6 6 8 27 25 24 17 37 24 31 22 21 20 22 7 28 23 21 18 27 21 11 34 27 22 24 25 21 30 23 19 23 30 8 16 23 23 24 13 12 
15 27 18 37 33 31 22 30 21 24 26 26 19 29 22 25 11 26 17 20 16 7 24 10 24 15 26 15 31 27 32 25 33 12 16 19 36 17 19 24 8 17 14 26 26 21 12 34 36 12 25 10 8 26 24 30 27 7 27 6 25 31 14 10 29 18 28 18 25 29 7 15 21 31 12 30 7 12 34 17 9 29 17 9 34 33 29 24 8 13 11 10 9 27 22 28 21 7 9 7 29 27 11 23 30 34 33 29 10 32 19 15 9 21 23 27 26 21 14 23 25 23 11 29 34 21 27 22 33 28 13 22 31 29 8 21 9 14 9 31 9 26 30 24 10 17 23 26 28 8 28 13 6 17 31 14 18 28 16 22 16 22 7 17 12 9 15 31 20 29 6 36 33 19 25 19 32 25 25 16 6 14 34 29 23 10 28 26 12 29 35 22 34 25 15 20 26 37 20 20 
22 12 34 32 26 20 10 22 29 9 19 9 32 6 24 28 12 15 32 18 30 25 32 34 15 29 23 8 13 27 13 9 17 15 31 26 25 30 34 29 35 13 28 14 23 14 25 9 12 32 28 12 14 12 18 31 22 7 17 16 25 17 34 21 26 17 27 35 8 28 31 17 25 17 16 16 27 21 30 18 36 28 15 22 8 28 26 33 6 22 29 9 8 24 19 25 12 8 9 29 21 16 9 32 7 19 23 22 34 8 29 26 33 12 24 14 25 25 20 15 19 18 11 29 18 25 7 7 18 27 31 35 11 18 19 10 31 16 23 11 24 30 32 14 11 35 12 19 17 27 24 21 20 8 11 9 31 24 16 16 11 12 6 8 30 20 20 7 22 8 31 22 22 27 23 12 34 18 26 8 12 29 23 25 8 23 37 13 33 24 12 11 22 22 12 34 10 29 6 14 
33 7 30 30 28 29 25 27 15 31 25 11 23 30 9 7 11 12 28 7 32 28 11 13 9 19 16 14 35 20 10 27 22 35 30 9 8 31 14 30 19 34 12 22 22 21 16 34 34 21 26 24 6 21 22 8 16 30 20 25 32 37 11 33 20 23 11 29 18 9 11 23 9 21 27 15 30 10 14 19 12 31 16 17 10 10 22 13 11 6 14 33 14 36 10 19 20 32 24 29 33 22 9 8 16 30 28 7 20 21 9 23 23 22 16 28 29 26 12 12 8 18 20 23 31 13 7 14 26 12 15 18 33 12 17 16 30 37 23 28 24 25 18 28 12 18 24 19 25 15 19 23 9 20 22 10 6 7 19 23 8 31 24 18 23 19 17 11 19 27 22 15 24 27 10 35 22 34 8 10 25 25 10 27 8 23 33 9 30 24 6 14 10 25 16 14 15 23 15 32 
