5 200
79 93 86 59 68 32 50 91 93 95 22 48 19 30 92 65 58 72 15 44 86 45 19 56 107 42 77 81 86 63 87 108 49 98 59 81 22 84 95 104 40 50 39 21 78 40 90 88 80 26 25 68 36 68 84 110 41 58 83 86 19 11 38 40 69 23 45 74 87 55 40 90 9 68 38 36 40 85 92 76 112 87 80 66 91 28 28 77 13 29 82 52 69 23 96 97 80 83 80 65 101 49 61 63 55 73 72 77 105 112 61 46 102 107 78 95 92 49 80 20 106 80 90 56 43 47 79 110 40 28 57 66 35 35 61 79 90 70 33 11 27 28 32 60 74 64 103 54 77 81 105 49 36 34 109 93 101 9 39 31 98 61 75 88 108 63 43 56 53 47 20 28 13 106 51 62 63 75 54 33 74 58 76 52 51 5 56 46 33 65 38 97 73 38 92 48 60 65 55 56 
98 73 46 57 40 17 20 19 35 63 43 55 46 90 82 100 70 102 22 34 88 107 74 83 42 42 56 85 95 36 44 22 94 103 17 91 20 98 89 81 11 11 35 72 66 95 44 30 48 20 28 25 18 93 112 32 49 19 103 98 57 75 86 79 80 74 32 90 34 89 103 18 64 4 24 33 60 32 53 97 30 55 89 66 56 102 17 25 54 36 49 31 15 20 30 18 48 40 80 70 101 49 61 64 78 72 19 94 28 42 76 23 73 88 52 105 42 37 61 9 26 42 80 10 75 57 17 46 81 24 107 72 46 60 112 17 30 44 83 12 61 91 71 29 29 40 76 118 92 61 49 90 71 90 12 82 37 89 23 61 16 69 67 102 113 90 97 35 50 17 8 66 24 63 89 100 21 34 32 35 75 23 81 80 44 115 53 59 50 103 91 95 2 99 66 44 73 45 92 99 
23 84 23 79 92 46 110 41 64 98 107 58 86 112 87 111 33 55 89 13 75 70 45 108 23 43 28 108 75 58 85 55 61 86 25 73 35 15 52 107 65 80 14 47 41 58 111 98 102 27 34 61 90 63 73 82 72 12 26 45 54 103 74 49 93 60 85 57 94 23 22 65 47 33 89 41 22 18 109 100 81 78 116 79 41 118 20 99 74 39 65 110 42 53 73 88 58 35 47 80 104 43 61 72 82 32 47 68 89 69 49 37 19 29 53 90 50 11 103 106 51 98 43 36 83 48 5 27 48 15 89 34 88 37 21 45 74 51 25 56 28 88 33 51 75 88 20 54 49 62 92 90 14 88 30 105 32 88 50 77 90 48 98 73 11 47 28 104 84 91 32 12 85 60 75 67 117 47 102 20 41 35 67 24 48 50 29 58 59 118 15 96 40 84 76 12 39 36 100 70 
81 35 25 10 11 108 59 34 90 35 55 75 67 75 104 78 48 24 78 36 3 62 23 44 6 60 56 94 19 28 28 109 106 104 17 66 36 40 45 102 93 51 109 49 95 90 88 74 64 20 105 48 99 109 50 62 54 68 45 79 107 56 14 28 39 27 13 117 40 64 84 24 31 68 69 56 28 87 59 84 99 43 29 21 71 69 23 72 79 110 43 91 90 109 73 76 84 33 69 80 51 54 39 55 67 8 68 90 43 64 49 72 86 26 44 49 40 77 40 83 65 45 60 78 73 21 53 85 84 74 74 62 77 43 86 53 95 34 54 91 27 51 80 61 71 38 95 82 94 7 34 103 35 99 41 69 108 90 36 32 31 43 51 67 35 90 55 58 59 11 27 100 20 89 72 59 117 98 22 19 37 38 111 104 60 94 41 55 41 92 53 32 91 38 55 81 94 72 5 54 
40 66 21 19 74 18 52 31 33 102 94 18 66 11 108 60 25 44 89 73 32 73 10 44 2 118 72 36 56 71 31 84 69 107 80 93 55 99 41 90 22 32 74 79 71 50 114 47 109 95 108 56 13 72 26 32 15 24 100 82 75 75 17 38 89 7 60 51 60 19 35 68 23 70 80 89 68 59 32 5 18 25 48 107 6 78 110 61 53 60 114 96 40 8 64 85 36 83 55 44 41 24 100 63 25 102 79 33 75 108 75 35 80 46 60 65 49 19 86 76 9 74 98 55 90 100 23 100 19 10 43 85 19 24 35 72 51 95 30 76 115 47 93 22 65 80 61 97 31 28 8 70 56 95 27 99 76 44 115 35 40 70 42 49 70 34 112 37 12 101 49 54 28 50 45 111 44 106 81 87 73 58 66 72 30 34 91 8 103 13 18 11 10 24 80 54 102 68 115 41 
33 27 15 58 48 72 61 13 9 11 85 54 92 71 10 44 49 39 98 65 26 65 90 49 13 63 30 25 34 55 33 6 55 11 54 35 84 20 18 5 64 58 74 98 33 79 24 26 33 89 96 42 68 50 17 1 71 49 35 26 89 94 77 72 52 78 60 40 22 46 63 28 97 40 74 85 71 32 11 34 3 31 39 48 18 74 77 44 96 81 27 59 45 87 7 5 36 38 21 38 2 55 58 51 50 48 45 30 15 4 44 74 1 12 30 23 23 55 26 94 7 37 30 63 61 68 38 9 80 76 59 43 76 73 52 38 19 47 77 95 79 90 78 47 29 51 10 54 38 30 3 64 82 69 5 22 10 93 67 83 14 46 30 13 5 50 76 52 65 72 99 87 88 5 55 53 48 41 50 71 28 57 35 66 59 96 46 68 71 40 79 24 29 76 23 55 57 56 48 50 
5 32 72 63 79 90 99 85 78 43 59 56 69 20 28 6 37 14 81 81 33 9 39 28 75 66 63 20 13 83 67 89 17 6 91 25 93 4 20 38 98 93 77 33 43 22 76 89 72 88 73 84 95 20 1 83 60 85 11 10 60 46 19 22 36 45 87 20 86 30 12 99 47 99 82 78 45 87 56 15 80 55 20 52 65 18 99 78 54 78 58 70 97 82 74 97 58 73 24 46 19 71 53 56 24 39 85 8 76 64 31 82 38 24 53 3 61 66 54 98 85 59 33 94 32 48 86 61 40 85 1 45 65 55 5 90 87 64 29 92 49 20 46 85 79 77 39 3 9 54 72 24 40 15 97 23 80 24 93 57 96 49 51 6 6 29 16 83 52 96 95 44 84 48 31 15 99 67 77 66 45 88 40 34 65 4 49 43 67 13 18 25 100 3 43 67 31 64 17 10 
96 31 96 23 14 61 3 62 51 19 3 52 16 1 33 3 68 56 18 90 30 39 67 2 85 58 78 10 42 50 23 46 54 33 80 39 77 92 60 9 49 30 87 66 76 45 8 4 12 75 69 43 13 46 33 21 44 98 92 66 48 1 35 60 22 43 30 44 24 98 85 40 64 68 30 64 90 95 8 5 24 34 3 32 70 3 92 15 30 76 56 11 69 54 36 21 55 69 63 41 13 59 47 33 29 74 73 45 30 46 60 72 88 79 54 30 64 98 2 8 54 20 75 71 32 65 97 92 66 94 29 77 13 74 99 65 36 61 86 56 81 18 74 68 46 29 89 60 69 44 10 28 87 27 90 15 75 14 69 34 29 72 15 48 100 65 76 8 34 13 76 93 35 51 46 53 3 72 12 89 67 74 44 93 59 68 73 61 45 2 91 6 76 28 41 96 63 77 1 32 
34 86 86 97 93 6 55 82 20 72 60 34 50 41 17 24 61 86 34 75 100 52 85 62 100 60 61 9 97 76 78 4 6 8 89 55 66 68 66 9 19 60 5 56 18 24 27 33 41 94 14 67 4 8 56 54 52 38 63 24 8 49 98 86 77 79 96 2 76 42 27 85 82 44 52 65 83 22 57 35 7 78 91 97 34 38 96 31 42 3 71 23 12 7 35 40 37 71 52 21 53 56 71 55 49 100 41 17 63 54 72 37 28 95 76 68 73 30 80 38 41 68 42 35 32 81 48 23 32 28 34 40 35 60 15 66 19 77 48 15 88 64 24 45 31 77 15 34 16 95 67 18 79 18 68 36 3 24 79 88 70 66 56 34 71 25 62 56 53 96 82 7 97 15 47 61 2 23 88 93 67 65 1 9 44 11 76 51 68 12 56 86 17 71 65 26 20 45 96 63 
68 50 85 92 37 95 62 85 87 8 9 91 37 95 9 48 85 75 26 48 80 41 91 66 99 3 43 85 48 35 89 23 42 5 36 13 66 11 73 13 92 77 29 22 49 60 6 68 9 11 12 46 99 32 80 72 100 94 6 27 34 31 95 67 14 97 47 60 51 93 67 39 82 47 29 24 35 59 87 99 84 91 66 7 99 25 4 46 65 46 4 16 62 93 53 23 80 34 64 70 67 94 18 52 80 7 27 83 35 11 34 67 35 61 49 43 59 83 27 26 98 35 22 62 28 2 86 15 95 97 69 27 100 87 82 39 69 18 76 35 1 58 13 96 50 36 60 11 70 91 99 47 61 7 79 20 38 60 4 67 76 38 77 63 45 67 1 84 94 12 62 58 90 64 73 7 72 5 32 16 31 55 53 42 79 82 30 96 6 92 97 97 97 81 36 55 5 53 1 67 
1547
1699
1589
1614
1694
21 17 10 32 30 41 41 8 5 6 43 40 58 52 7 32 34 24 51 49 15 45 65 29 9 32 20 19 24 40 22 3 36 7 36 23 46 14 12 3 36 44 53 54 20 56 17 19 25 61 50 25 35 28 10 1 43 37 24 16 66 65 61 38 27 57 41 25 11 27 32 16 58 26 57 63 36 19 8 20 2 23 20 32 12 46 58 26 59 62 22 42 23 52 5 4 19 19 16 22 1 30 37 35 26 36 31 22 10 3 31 47 1 6 17 14 17 39 19 54 4 29 20 42 32 47 21 6 50 58 41 23 53 42 39 21 12 34 40 70 48 54 58 33 19 33 6 41 23 21 2 48 55 35 3 13 6 71 50 60 7 35 22 7 3 31 58 40 46 44 51 63 69 4 32 33 24 27 38 52 17 37 23 50 32 75 30 39 38 26 43 14 17 52 13 39 35 28 34 37 
4 19 53 47 54 69 69 64 61 23 34 40 48 14 20 4 21 9 52 54 21 6 29 21 59 51 44 14 8 48 44 70 12 3 68 14 50 3 13 26 60 67 45 17 25 13 58 62 38 64 48 49 73 14 1 44 44 60 7 5 37 28 12 12 23 24 52 15 43 22 9 60 37 78 47 40 33 46 42 10 63 43 10 36 48 14 75 56 38 47 33 53 52 53 53 54 40 38 17 26 15 54 31 38 18 25 63 6 57 33 22 60 27 13 39 2 37 37 38 64 45 45 24 66 25 32 59 39 25 62 1 36 49 36 3 49 46 48 20 51 36 15 31 55 56 40 21 2 6 30 47 19 28 10 71 16 57 12 71 40 53 34 28 4 4 19 12 53 39 75 65 33 53 37 21 9 60 43 49 35 32 47 28 21 44 3 35 29 44 9 13 17 52 2 25 42 18 42 13 6 
73 17 72 17 8 43 2 34 28 11 2 33 10 1 19 2 53 33 12 61 16 31 51 1 52 29 56 7 22 37 14 35 30 23 63 23 50 51 33 6 26 17 67 44 53 28 5 2 6 38 53 32 8 24 23 12 24 74 57 39 36 1 24 40 12 23 19 26 15 64 49 21 41 49 17 44 68 50 5 3 17 18 2 22 45 2 54 9 17 53 34 7 41 41 26 13 28 54 50 23 9 39 36 23 17 41 40 32 21 30 34 51 60 59 38 16 38 50 1 5 33 11 58 47 24 33 65 52 51 48 23 61 9 50 67 36 27 46 61 41 49 12 55 41 24 21 56 44 42 26 8 18 54 21 50 8 44 9 42 27 22 36 9 35 68 41 43 5 20 8 60 57 20 31 37 40 2 43 9 57 43 50 27 56 37 38 41 41 25 1 56 4 58 21 22 62 32 53 1 16 
24 43 68 52 63 4 29 47 10 37 33 22 31 30 12 16 36 67 25 44 57 31 51 41 52 41 31 6 62 42 46 2 4 5 55 28 48 48 49 5 11 30 3 28 13 17 21 20 29 63 10 41 2 6 29 38 42 29 47 13 4 31 68 57 43 61 73 1 44 33 15 47 49 27 29 52 63 12 29 28 6 61 49 56 18 30 50 17 32 2 50 17 8 5 20 27 25 56 35 12 41 36 51 31 28 67 21 14 42 40 39 23 20 59 49 51 49 22 54 20 25 45 31 27 17 49 24 14 21 20 20 29 26 43 9 50 10 58 32 11 70 35 14 31 18 39 8 18 10 67 38 11 57 12 34 22 2 16 57 46 46 36 42 20 44 13 34 32 32 56 50 5 65 11 30 38 1 17 51 69 34 51 1 5 30 6 42 33 52 9 45 50 11 48 52 19 13 26 66 39 
49 37 52 55 25 52 45 49 59 6 6 57 21 69 6 35 62 55 20 24 61 21 54 37 52 2 22 68 27 28 68 17 29 3 22 9 37 7 46 10 65 61 22 13 27 48 5 41 5 7 9 30 51 22 62 57 65 67 5 16 19 16 59 51 11 75 24 37 33 59 51 26 63 27 17 14 20 45 68 76 58 69 39 4 63 20 2 29 47 26 3 11 32 48 42 14 45 22 49 46 37 56 9 29 64 4 14 50 20 6 22 48 19 43 37 23 41 44 21 18 58 27 14 47 21 1 67 8 53 69 40 14 78 55 43 26 37 11 46 26 1 32 9 51 33 26 46 8 50 54 69 29 42 4 55 15 25 46 3 52 59 24 50 49 33 52 1 43 48 9 32 32 68 33 53 5 54 4 19 9 21 39 29 32 57 43 23 64 4 73 77 76 51 43 27 37 3 40 1 35 
49 38 22 78 65 98 82 17 11 15 113 65 117 104 14 53 67 50 145 82 34 90 122 67 16 86 43 31 43 78 49 8 75 14 81 48 118 28 26 6 78 80 105 126 45 103 34 33 48 108 140 62 98 63 21 2 87 62 51 33 108 139 109 90 66 113 88 54 29 60 83 39 130 57 95 116 91 45 16 47 4 42 47 70 23 111 104 59 144 119 36 76 55 125 9 7 50 51 26 48 2 82 77 62 70 72 61 38 22 5 65 91 2 17 39 29 34 70 36 137 9 51 38 80 84 91 47 11 109 111 82 52 113 90 68 50 27 69 111 138 107 120 105 70 39 63 13 80 51 36 4 80 103 84 7 29 14 136 99 123 20 67 42 17 7 67 107 64 78 90 141 116 114 7 79 75 67 61 68 95 35 74 49 80 83 118 65 94 90 52 96 31 36 103 30 74 70 70 63 71 
7 43 97 83 103 118 145 105 106 55 84 78 94 27 38 8 49 18 121 111 46 12 57 41 107 94 88 26 19 118 97 112 21 9 129 31 133 5 29 53 128 132 93 41 64 30 98 126 89 112 88 125 137 24 2 101 76 114 14 12 89 69 24 29 45 62 129 26 115 42 17 148 60 123 105 115 64 109 70 20 117 82 27 73 81 26 142 112 74 99 84 104 141 113 89 125 71 100 34 68 27 101 67 70 34 47 127 11 95 87 37 100 48 35 77 4 75 79 77 119 111 76 43 123 41 62 122 85 54 116 2 56 92 68 7 127 129 81 36 138 72 24 64 120 111 107 48 4 13 81 100 33 50 19 139 32 102 35 136 72 136 63 68 8 8 40 20 108 72 124 141 54 107 60 45 22 120 92 108 95 61 122 55 43 83 5 63 57 99 18 26 32 133 4 64 82 38 82 21 14 
124 39 121 31 19 74 4 85 75 28 4 68 21 2 40 4 86 69 25 125 36 53 85 2 125 85 99 12 58 63 32 57 78 47 106 48 98 131 81 13 61 43 122 81 98 55 11 6 15 104 92 63 19 62 43 29 54 146 128 82 70 2 45 88 29 60 44 55 35 136 123 50 82 100 36 81 121 140 11 7 31 45 4 40 101 4 130 20 42 100 71 14 87 73 50 30 66 86 87 52 19 74 68 43 41 108 90 60 42 61 78 105 125 111 66 40 96 145 2 11 76 25 104 90 40 81 134 130 84 124 39 94 17 102 129 81 52 91 123 80 100 26 107 88 58 40 121 85 86 62 12 37 112 36 125 19 97 19 99 46 38 104 22 64 123 80 110 11 49 16 109 132 48 75 62 78 4 106 15 128 99 99 60 130 81 86 99 90 58 3 109 9 103 41 51 126 90 110 2 41 
44 115 108 132 115 7 68 123 29 91 81 43 72 58 21 35 91 108 48 108 121 67 120 77 137 74 85 13 131 102 114 5 9 10 133 70 82 88 84 11 25 89 7 82 24 34 37 40 54 119 21 92 5 10 76 69 71 49 87 31 10 67 147 106 94 116 138 3 107 51 34 123 98 63 63 82 120 27 83 46 10 101 112 117 49 56 126 42 51 4 87 28 16 10 45 58 53 102 66 28 66 81 88 73 64 133 59 23 82 78 88 53 38 137 92 84 107 41 102 47 52 98 63 45 41 100 58 30 46 39 42 50 42 80 21 93 25 115 64 22 106 95 32 61 39 99 20 43 21 126 87 26 104 22 83 48 4 36 98 113 104 94 82 50 96 31 81 81 78 137 111 10 145 19 68 83 3 29 117 129 89 86 2 13 66 16 112 75 84 15 75 106 21 93 82 34 25 57 129 76 
101 74 112 121 54 138 82 121 113 12 13 133 54 126 13 64 124 112 38 63 119 54 130 80 131 4 52 112 63 52 127 31 53 6 49 19 92 14 102 17 129 98 36 28 71 89 9 97 13 14 18 59 134 42 104 91 137 135 8 40 43 43 117 82 17 129 65 77 63 114 97 47 100 70 35 30 48 84 125 146 115 122 97 10 124 37 5 65 89 61 5 22 86 122 71 28 109 47 77 91 84 137 23 73 119 9 35 117 42 14 46 99 47 76 59 58 82 116 37 38 140 51 29 92 40 3 114 19 126 134 96 40 122 115 122 54 92 24 100 47 2 79 16 124 66 43 76 14 87 127 121 66 85 9 99 24 51 84 5 88 98 47 110 86 55 90 2 116 123 15 84 83 118 91 103 9 96 7 42 21 42 74 64 56 98 99 44 123 9 126 121 141 118 114 52 69 7 74 2 95 
