10 100
18 72 27 31 56 116 98 86 76 37 116 26 71 21 50 61 74 64 37 79 69 69 100 46 11 67 56 14 24 98 46 105 28 95 31 47 35 96 84 19 43 100 56 83 75 78 70 55 23 20 30 9 38 81 111 101 59 60 28 54 96 60 88 29 42 36 59 59 17 91 71 34 91 61 118 57 43 47 67 55 97 20 30 103 14 75 19 32 49 81 64 96 80 71 86 36 69 30 103 68 
45 26 48 76 65 105 13 22 106 113 21 30 96 82 87 91 108 77 30 77 71 37 10 26 89 100 37 88 49 93 33 33 75 90 16 74 39 95 66 99 99 89 62 14 26 41 84 46 82 80 62 94 85 35 31 92 91 78 90 9 102 105 85 103 17 94 35 55 102 105 16 43 58 23 75 82 48 59 95 46 32 75 68 64 46 28 56 66 64 98 23 84 33 26 32 1 33 93 89 93 
35 64 90 61 66 112 36 92 57 78 8 67 47 96 72 9 23 67 94 44 16 96 108 44 21 77 58 98 96 42 102 23 30 45 51 96 41 54 32 85 98 81 65 49 66 103 49 17 12 68 20 79 75 70 90 59 81 88 37 47 52 82 82 82 92 89 72 76 92 46 64 22 50 57 75 117 40 96 71 75 88 49 69 51 93 21 27 106 33 66 40 80 61 93 59 27 21 32 83 71 
61 90 108 70 25 56 85 115 36 76 57 115 53 48 41 40 82 73 28 38 21 103 27 96 55 58 49 104 26 36 40 52 63 54 67 116 107 29 94 53 53 109 82 111 4 72 93 53 58 90 96 15 49 91 113 114 56 26 22 96 71 85 97 36 104 83 22 111 90 70 8 100 39 43 114 97 51 45 71 53 39 60 25 40 84 28 105 114 104 63 41 29 31 28 99 61 105 65 42 28 
3 21 116 49 97 108 71 71 116 54 60 51 49 77 84 57 59 50 99 41 84 63 63 17 55 92 81 24 58 34 33 81 70 97 47 17 44 96 104 57 12 11 49 37 26 52 90 70 20 22 89 25 99 40 34 88 101 90 35 50 67 23 89 109 83 103 51 82 66 83 18 77 88 107 26 84 102 81 37 73 70 43 99 71 63 27 55 16 25 94 40 64 70 32 18 111 108 23 89 44 
66 67 70 35 42 60 28 51 78 103 90 112 19 24 23 115 43 6 20 103 72 84 92 93 55 57 104 71 42 84 112 106 93 67 89 82 64 106 67 74 13 37 46 84 73 109 12 88 98 98 54 105 18 76 19 67 65 22 58 95 80 76 67 74 34 87 75 49 103 26 25 116 94 89 114 107 30 52 25 107 20 27 53 84 36 15 38 17 76 32 66 50 63 53 69 76 25 11 106 29 
91 64 60 40 81 23 38 56 59 106 39 34 51 39 68 67 68 82 44 100 93 12 28 65 28 69 89 103 40 67 84 117 21 25 58 92 89 88 29 36 62 26 18 70 30 101 84 100 90 68 39 34 78 53 14 15 63 18 91 89 19 45 91 92 52 75 80 82 103 54 101 49 75 72 82 97 84 89 76 92 109 97 40 57 41 48 89 114 50 26 90 27 79 19 18 14 60 107 79 20 
41 95 66 103 64 25 41 46 34 93 111 57 47 24 39 33 67 89 25 61 62 50 33 57 66 63 69 49 70 32 83 40 14 26 62 87 71 88 40 84 38 110 108 48 76 63 76 27 94 75 16 75 87 58 58 99 40 94 61 21 44 28 26 58 47 86 92 53 27 26 16 2 58 21 82 82 22 70 5 45 91 65 119 59 61 76 100 98 56 53 24 99 92 51 42 15 53 57 53 52 
78 91 36 35 15 85 77 60 63 65 55 79 60 81 89 19 17 115 24 57 78 84 78 13 59 23 75 49 103 20 95 64 20 112 84 81 101 6 53 105 29 29 103 81 56 48 53 102 18 45 46 24 104 31 97 38 21 45 37 66 77 22 59 67 64 61 49 40 79 34 79 99 65 26 102 104 46 32 88 100 101 64 99 33 82 39 90 49 109 105 99 31 8 91 42 103 32 57 44 31 
105 34 38 71 65 23 77 9 89 23 66 64 33 107 43 55 98 42 114 65 84 67 62 74 82 37 89 96 80 38 102 82 69 58 25 31 57 50 86 93 19 74 89 12 77 54 94 84 27 72 81 87 58 86 58 46 18 55 44 70 13 44 37 17 13 82 47 111 42 98 95 80 98 99 14 57 6 89 59 101 75 43 15 57 81 72 33 80 46 22 73 58 94 79 53 25 70 101 68 84 
83 38 76 71 64 5 15 23 40 84 1 89 33 83 56 45 44 55 70 33 36 47 11 57 97 43 47 94 81 23 56 12 84 26 70 59 84 10 27 93 78 16 64 26 46 25 51 65 91 99 80 95 69 31 8 16 62 55 81 56 13 61 29 85 75 73 61 55 85 18 42 75 24 51 2 61 69 71 40 60 6 81 71 4 94 35 100 70 63 25 48 16 36 42 31 73 49 79 2 48 
64 94 66 37 47 16 91 81 14 5 87 85 9 33 15 22 10 36 85 36 47 67 92 86 15 12 67 28 58 11 81 74 27 25 90 40 77 12 40 22 2 32 40 89 81 62 17 57 29 32 46 24 25 66 88 25 26 36 27 99 11 11 23 14 88 22 86 46 1 10 93 66 63 81 33 20 64 43 19 66 70 44 49 43 64 80 49 37 52 3 87 32 79 92 84 100 72 16 14 12 
67 54 29 40 35 1 82 22 57 27 94 53 62 15 44 100 90 39 20 74 89 25 7 68 93 41 56 6 13 61 17 92 82 60 61 22 68 63 89 34 19 35 51 66 43 9 68 97 92 44 82 36 39 32 30 48 39 13 66 56 54 32 23 36 12 14 37 32 19 61 41 96 69 60 35 2 63 12 39 33 13 69 48 69 15 81 84 6 68 37 75 21 48 26 42 94 83 77 37 41 
57 11 7 41 84 65 23 6 78 33 62 4 61 60 68 65 39 46 82 77 86 15 76 17 56 63 72 8 80 80 79 65 57 48 43 1 3 89 27 66 54 2 25 3 99 32 25 63 44 26 21 90 62 18 1 7 51 82 92 22 47 26 12 66 7 32 87 4 22 40 94 21 68 70 1 21 52 76 37 51 69 41 82 71 20 92 11 4 12 49 69 73 88 89 22 55 1 44 63 75 
98 97 4 55 6 11 46 45 4 52 55 62 65 33 31 44 47 53 6 64 30 46 50 96 66 17 27 89 45 87 79 37 45 14 73 99 61 22 3 58 96 92 67 75 92 64 18 31 89 88 18 92 5 80 70 24 4 28 81 71 54 85 27 8 38 15 51 30 39 19 97 40 32 3 92 19 18 21 78 47 49 59 14 39 45 81 47 87 84 13 73 51 49 84 84 5 12 95 21 74 
52 42 38 70 72 60 87 67 23 11 29 8 92 97 95 3 69 98 82 9 47 35 24 27 66 54 10 39 61 23 3 1 24 53 21 22 39 11 40 40 93 64 74 24 41 6 96 30 4 4 64 14 93 27 91 44 46 83 52 20 37 39 48 32 87 34 26 67 11 77 76 5 27 30 1 3 78 62 89 12 86 93 63 22 83 96 66 93 41 85 39 55 53 53 45 30 83 90 14 72 
30 50 52 78 30 82 82 51 46 12 76 87 64 80 35 48 36 21 74 12 12 93 85 48 80 50 14 9 62 50 35 4 93 94 62 19 18 16 74 69 47 76 97 40 91 5 19 7 31 50 74 85 30 64 88 97 50 86 12 27 85 60 20 24 60 46 32 38 17 48 16 56 40 46 25 6 34 25 40 9 6 6 61 44 75 73 32 1 53 86 28 91 22 92 85 91 48 12 24 89 
61 17 35 7 47 84 68 62 67 24 6 61 58 83 63 69 36 23 84 53 40 52 88 53 53 39 32 60 35 72 33 75 95 84 39 14 47 26 67 36 73 4 11 67 45 46 44 84 11 33 95 44 18 53 51 13 65 15 46 84 57 78 91 44 71 30 22 67 78 79 98 100 46 91 32 28 82 33 100 63 10 47 2 62 58 33 10 18 56 57 96 13 10 54 61 93 53 60 63 52 
39 21 73 76 89 32 31 42 46 53 64 24 49 31 24 91 86 6 93 61 34 21 36 92 50 95 41 64 13 100 24 52 88 3 35 29 13 97 53 3 72 87 1 33 56 71 67 13 91 60 62 84 16 89 5 65 91 67 67 47 31 98 53 46 41 49 66 73 40 75 30 4 53 89 13 5 66 76 19 5 19 52 13 72 28 63 25 72 7 10 4 78 100 25 79 12 76 52 77 70 
1 81 77 32 43 83 33 97 25 78 55 44 76 14 78 60 4 66 4 49 31 35 56 41 19 71 20 22 28 79 18 26 36 49 92 73 57 66 31 19 87 28 32 100 28 47 22 30 90 44 33 31 58 25 58 65 98 51 74 49 92 68 71 97 93 35 60 10 65 7 11 22 19 2 92 44 99 26 44 9 40 64 87 48 38 34 81 29 56 99 28 58 23 29 52 84 33 18 48 20 
416
379
385
374
398
385
388
411
398
388
57 20 42 46 47 3 9 13 24 55 1 60 20 47 33 26 25 31 35 19 26 33 7 33 64 30 33 69 58 13 37 8 44 13 43 30 55 7 20 55 57 12 44 14 25 14 31 33 72 73 61 56 37 23 5 10 36 29 64 37 7 33 20 67 56 57 49 31 55 13 26 44 15 29 1 36 39 45 32 35 4 49 47 3 63 24 66 50 42 19 35 12 21 23 18 48 39 42 1 35 
37 71 35 23 37 12 57 45 11 3 50 56 6 21 8 11 5 28 45 23 33 41 54 57 8 8 53 18 30 7 43 50 19 17 68 22 56 8 30 13 1 24 30 65 52 48 14 35 21 22 30 18 16 34 49 14 17 23 20 62 6 6 15 8 58 17 54 34 1 7 56 49 37 52 24 15 39 32 14 52 54 24 28 28 45 49 31 30 38 2 52 21 51 59 65 72 57 9 9 8 
46 27 18 25 22 1 45 16 45 19 64 31 38 10 27 77 52 22 11 41 60 18 4 36 62 24 41 3 9 40 9 47 56 32 48 16 46 44 51 18 14 22 39 52 34 5 45 63 64 30 60 24 26 22 21 34 28 9 37 33 41 20 15 24 7 10 20 16 11 31 24 52 53 36 24 1 33 8 26 23 9 39 24 38 11 55 50 3 47 24 53 15 26 21 27 48 59 49 23 26 
34 7 5 31 44 48 14 3 55 19 38 3 41 38 54 36 23 24 46 59 54 8 42 9 41 38 57 4 47 51 42 40 39 25 24 1 2 47 14 50 30 1 18 2 65 20 15 35 25 19 12 62 34 12 1 5 37 47 46 13 31 16 7 47 5 16 55 3 13 28 60 14 52 54 1 16 28 43 22 40 38 30 46 50 15 69 7 3 10 37 52 41 46 47 13 35 1 32 43 51 
69 63 2 31 4 6 23 29 2 31 39 42 41 22 17 32 28 35 5 35 21 32 29 56 37 12 17 46 25 58 47 25 34 8 57 58 38 17 2 33 53 47 36 55 51 41 14 21 55 44 11 51 4 59 52 13 3 15 42 49 34 48 15 6 23 8 37 20 23 12 73 27 19 2 55 12 11 17 48 34 35 30 11 29 35 57 29 48 45 8 58 30 28 57 55 3 6 65 16 53 
27 33 30 41 42 35 50 44 14 7 18 5 58 66 70 2 37 63 53 5 33 22 18 19 37 29 5 28 38 14 2 1 18 34 14 15 28 8 31 25 66 42 55 13 23 4 73 22 2 3 43 9 60 18 58 29 34 56 40 13 29 21 34 24 57 21 15 44 8 44 45 4 20 15 1 2 61 35 51 9 64 70 43 13 50 56 51 65 23 63 21 40 38 38 29 19 46 54 9 54 
21 27 40 60 23 64 63 36 36 7 50 45 45 60 20 38 26 16 48 8 8 55 66 32 46 39 8 5 45 39 18 3 49 59 47 11 12 12 47 36 34 47 72 31 61 3 13 4 20 37 51 45 18 44 50 60 39 58 8 18 44 35 12 14 31 33 16 29 13 36 9 40 25 32 16 3 18 17 21 5 4 3 41 29 51 51 19 1 33 47 20 60 11 52 43 60 33 7 13 63 
33 13 24 4 26 48 44 46 48 17 4 37 37 56 36 40 27 13 58 42 20 30 70 35 41 31 16 34 23 40 24 52 65 64 23 9 27 18 45 25 40 2 9 38 23 36 25 64 7 22 75 29 10 39 33 8 40 11 26 66 37 47 46 25 57 19 13 47 52 59 57 79 36 55 25 16 62 18 61 42 6 29 1 49 31 23 6 13 31 42 49 9 6 41 34 63 28 32 41 31 
22 12 50 56 46 21 17 29 26 30 45 17 38 18 19 49 62 4 58 44 21 11 25 54 27 70 31 36 9 72 12 27 48 2 24 20 9 60 33 2 43 49 1 17 38 53 44 7 58 39 45 50 9 59 3 38 64 47 36 30 20 56 39 30 23 36 44 47 25 40 16 2 39 45 8 3 52 55 10 4 13 39 10 43 21 42 19 42 4 5 3 50 72 15 44 8 41 30 49 51 
1 61 50 16 32 66 26 49 19 56 28 24 46 10 46 45 2 44 2 29 17 21 44 31 10 52 13 18 21 45 12 18 22 30 46 52 32 39 17 10 68 21 24 67 16 35 12 24 70 22 22 20 36 18 33 36 54 32 39 26 46 37 53 70 55 24 38 8 49 5 8 15 13 1 70 27 59 13 23 7 25 42 54 37 26 27 62 19 34 54 22 30 13 22 35 50 24 14 25 12 
105 50 106 91 77 6 21 28 52 107 2 112 45 106 73 64 65 73 95 45 53 65 16 73 120 55 62 132 103 33 76 18 114 33 103 87 120 14 36 122 112 21 85 36 56 34 65 95 120 139 100 130 88 41 10 19 91 78 115 74 18 75 35 126 94 102 83 73 105 23 60 112 33 71 3 81 87 97 53 85 8 117 88 6 127 45 131 96 81 32 67 19 44 52 38 94 70 114 3 65 
87 138 82 48 62 20 117 118 18 7 108 105 11 44 18 29 14 52 108 52 61 99 137 106 22 15 92 34 74 15 108 96 37 36 132 50 104 18 48 31 3 40 50 110 102 84 24 77 40 46 65 34 33 98 125 31 37 54 35 134 16 15 30 19 127 32 116 63 2 15 121 98 79 105 40 29 92 56 24 84 103 61 65 58 87 111 70 49 69 4 125 46 102 115 121 149 93 23 20 15 
100 81 37 59 45 2 110 30 74 33 130 65 84 21 53 127 109 54 24 110 120 34 10 98 116 55 80 8 17 86 25 111 114 73 80 29 93 92 110 49 27 47 71 96 55 12 94 118 137 63 111 54 52 40 42 69 56 19 96 74 70 46 32 51 16 17 47 39 28 80 56 127 98 80 46 3 79 16 57 40 17 102 71 101 22 114 117 8 95 54 109 27 60 32 62 134 117 108 53 54 
76 16 10 54 116 82 28 8 106 43 80 5 76 85 83 90 53 69 99 96 113 19 98 24 71 90 86 11 114 99 113 93 85 58 52 2 4 121 34 95 68 2 32 4 122 45 33 78 57 35 30 123 83 24 2 10 64 115 127 30 64 32 15 85 10 46 125 6 29 58 119 27 99 94 2 31 72 106 51 74 83 57 109 88 29 116 15 6 16 66 103 92 114 108 33 82 2 61 89 95 
131 123 6 79 8 16 62 54 5 65 80 88 80 47 43 62 63 71 7 81 43 66 60 143 96 24 38 120 63 106 117 54 54 18 94 130 79 29 4 79 122 122 91 91 119 94 26 40 126 108 24 129 6 108 90 32 6 40 100 89 74 114 34 11 48 22 62 43 57 27 128 52 44 4 121 23 27 26 104 60 61 73 17 56 57 103 69 119 114 18 97 61 71 103 120 7 15 120 27 110 
67 51 55 85 106 78 118 87 29 16 42 11 136 136 127 4 89 133 120 12 68 49 33 40 90 74 14 57 75 34 4 2 30 71 25 29 51 16 51 53 132 80 101 29 50 8 139 41 6 6 96 21 118 36 113 55 60 116 69 25 45 56 65 44 122 46 37 84 14 104 113 6 39 43 2 4 95 88 119 16 121 133 88 33 117 143 79 130 54 123 50 75 66 75 64 38 120 112 19 93 
41 63 65 110 44 99 107 65 61 15 104 111 92 103 47 72 47 30 109 17 18 138 114 62 96 65 19 13 90 66 49 6 121 121 81 27 27 21 91 84 62 114 135 60 125 7 25 10 39 74 94 124 40 84 119 125 70 106 16 39 108 76 28 29 90 60 39 56 25 59 23 84 50 61 37 8 43 33 59 13 8 8 79 56 101 104 42 2 71 106 37 134 28 127 122 129 63 14 31 115 
90 25 46 9 61 102 87 81 91 30 8 76 85 104 84 93 48 31 103 66 54 70 118 78 71 50 45 81 48 87 47 108 122 108 57 20 70 39 87 51 97 5 14 99 61 61 55 123 14 40 131 61 26 68 67 16 90 19 60 102 78 98 130 64 99 42 27 95 99 105 124 134 66 116 47 39 106 41 125 81 13 66 3 84 73 42 12 24 80 81 129 16 12 81 88 119 72 85 86 66 
56 30 109 98 122 45 43 51 64 68 82 31 65 42 34 111 105 9 124 77 43 27 52 133 66 127 61 81 19 146 33 75 121 4 48 42 18 133 71 4 99 120 2 43 78 92 99 17 110 90 89 112 21 126 6 81 115 99 82 70 46 134 74 57 60 70 93 108 56 100 40 6 69 112 18 7 87 113 26 6 28 73 17 92 42 87 34 103 9 14 5 105 126 34 107 17 109 71 108 84 
2 103 109 43 55 112 48 117 35 100 69 53 96 18 102 83 5 84 5 65 39 49 80 59 23 104 25 30 41 96 24 35 51 73 117 95 72 88 44 26 110 42 43 141 34 58 29 39 115 62 48 39 70 36 76 97 142 72 101 68 116 88 96 145 133 47 73 14 82 10 15 29 23 3 115 56 119 39 62 12 54 89 110 69 48 49 107 43 68 141 38 77 29 35 75 101 40 24 70 27 
