20 100
91 93 103 40 71 70 76 47 81 7 25 83 53 95 22 94 98 93 30 111 68 82 97 109 109 17 38 79 46 25 91 107 23 14 6 65 52 88 58 68 105 27 12 66 8 20 77 41 83 100 11 85 29 82 20 29 22 29 26 72 75 55 16 48 54 37 52 46 35 27 62 78 111 35 34 102 77 88 10 65 79 38 99 27 11 89 104 103 21 76 32 12 96 77 59 21 20 101 91 84 
87 85 37 52 63 97 37 100 26 76 112 104 53 40 11 78 19 92 101 64 63 91 68 33 51 11 76 62 109 83 31 86 9 22 84 49 34 60 101 78 91 20 66 98 91 35 82 87 88 24 21 72 84 31 99 51 55 29 16 92 43 89 49 77 74 81 54 49 19 70 99 33 65 19 27 46 93 76 55 59 29 38 41 88 46 19 104 28 94 19 82 33 74 41 16 68 106 50 75 54 
96 59 73 106 71 113 46 92 67 83 48 88 61 92 51 98 49 34 52 24 69 53 67 30 50 30 38 92 83 74 63 30 58 41 102 19 43 6 42 60 94 71 112 85 40 25 118 67 64 41 88 42 51 27 81 109 67 105 109 43 55 66 28 45 94 71 74 80 10 46 28 102 89 106 67 87 12 38 36 43 73 88 87 90 105 59 61 99 38 19 59 78 46 18 12 46 23 47 91 13 
93 80 70 25 21 49 71 95 114 38 97 40 69 26 116 58 7 89 61 33 66 107 28 97 69 46 12 70 97 93 47 52 6 80 88 84 89 26 110 27 40 68 60 90 84 45 96 56 27 97 45 88 47 27 70 84 32 47 96 50 79 49 30 69 34 79 92 36 106 89 43 88 92 102 100 30 77 100 21 20 67 72 70 56 91 19 53 21 56 104 44 83 5 62 18 39 75 114 104 96 
76 67 4 65 85 28 22 98 20 88 55 5 81 58 45 19 116 67 74 77 13 119 87 51 66 62 44 39 100 45 102 49 96 75 97 105 12 82 46 95 100 52 18 112 97 107 72 41 17 76 103 84 29 56 11 56 83 57 51 12 93 71 33 35 56 51 81 20 51 100 25 29 53 90 99 81 34 111 88 43 41 93 7 90 40 106 116 62 70 25 37 99 107 15 99 81 18 32 43 102 
77 84 82 61 50 88 63 77 104 64 17 95 67 48 79 53 17 17 109 19 34 36 32 47 73 27 93 94 59 80 28 29 37 52 113 23 95 33 103 8 71 24 20 64 83 95 90 110 44 104 75 76 34 93 55 103 72 34 20 7 22 20 70 80 88 111 47 106 62 76 29 41 53 73 90 4 35 89 100 19 33 83 28 43 100 55 22 38 94 65 98 93 70 98 76 14 83 68 25 4 
20 69 80 50 19 113 91 109 38 48 83 44 34 9 36 40 78 87 41 82 107 38 101 26 36 43 47 56 44 71 65 33 29 85 70 28 29 26 40 116 21 73 24 30 107 67 40 82 26 73 49 36 90 44 89 67 42 87 34 72 90 72 47 112 62 22 84 50 61 22 26 104 45 45 65 63 23 97 72 50 30 42 59 54 52 47 119 93 6 23 65 51 48 28 54 23 3 42 82 18 
40 52 12 56 44 29 114 94 7 85 78 84 35 66 56 78 18 26 79 91 40 109 33 83 20 12 17 110 52 104 51 53 26 46 53 55 42 56 16 16 79 61 14 93 91 18 75 110 21 65 91 46 64 23 52 62 21 6 20 77 100 115 118 99 50 100 94 70 60 33 106 82 28 54 92 102 48 94 68 96 91 89 67 25 34 48 61 4 93 91 80 57 46 60 76 103 17 53 37 10 
28 75 114 91 116 58 74 25 65 31 54 44 70 48 76 97 77 46 58 29 40 113 64 78 30 30 54 33 44 43 53 47 30 37 60 82 20 67 17 109 112 12 8 105 109 75 31 101 91 44 48 97 30 35 14 56 17 97 33 23 62 11 67 95 61 55 100 56 104 102 105 53 54 19 38 91 75 19 48 7 11 74 93 52 30 10 46 25 87 56 65 65 9 27 16 111 91 92 37 22 
30 40 101 34 68 100 23 79 85 61 67 17 60 103 23 79 72 89 45 27 56 45 35 97 24 55 30 15 19 9 12 64 32 48 78 31 63 62 94 45 71 58 106 11 97 9 26 27 88 6 51 102 47 42 23 97 52 86 92 109 101 31 76 32 53 68 101 48 99 94 77 90 75 10 91 12 31 67 76 67 40 18 75 73 59 29 79 29 72 91 32 98 102 109 92 79 12 11 47 70 
113 33 107 39 94 43 66 25 102 56 66 95 18 24 80 107 81 33 85 96 37 87 82 67 18 70 36 60 38 87 45 106 109 73 33 35 36 2 42 59 7 16 38 64 32 7 103 34 17 79 37 24 91 31 42 68 44 48 39 113 14 67 100 22 88 113 79 27 81 76 106 26 94 115 105 54 20 30 74 24 42 78 64 23 71 82 21 93 82 18 57 95 55 90 68 54 82 113 98 107 
102 97 36 16 22 117 16 46 52 42 34 33 25 21 46 65 85 45 44 55 48 58 89 73 50 92 74 98 33 98 115 84 106 56 43 88 2 30 30 23 93 50 57 75 25 24 76 42 98 63 111 72 50 48 40 108 78 94 19 48 60 33 32 58 30 53 111 40 102 28 40 114 61 47 109 50 75 85 58 35 61 44 27 82 110 92 66 48 111 79 77 28 10 88 41 63 26 65 74 111 
95 63 11 22 81 48 68 19 61 40 13 60 24 97 39 110 59 14 61 84 95 115 52 58 67 52 44 103 75 33 82 106 34 35 101 24 17 68 69 26 81 55 10 60 65 55 99 58 48 83 28 48 66 26 63 45 62 58 40 19 55 81 75 91 60 59 79 90 43 48 13 80 64 53 52 98 57 35 54 95 91 67 43 75 117 45 19 15 66 84 18 96 54 15 47 51 28 98 28 97 
43 88 57 106 37 22 76 22 63 92 25 28 101 23 54 83 27 64 83 100 73 108 57 104 32 25 84 61 86 37 81 64 98 17 71 96 90 30 87 60 61 47 42 33 82 84 82 89 54 81 32 111 60 29 96 52 43 62 83 72 33 82 29 33 79 56 96 46 94 51 47 106 100 102 92 99 87 86 103 59 85 53 10 85 87 13 78 73 71 59 77 79 81 83 29 44 29 79 25 33 
89 19 52 92 101 44 29 29 68 91 82 96 40 79 63 57 93 25 25 23 75 30 68 84 35 90 35 67 45 116 44 12 108 11 22 16 41 98 88 17 45 82 96 46 10 104 37 49 66 52 26 20 87 100 52 84 92 97 11 89 97 20 15 8 35 68 42 95 26 35 26 49 112 66 38 63 82 13 22 24 88 48 49 104 29 84 79 85 23 22 35 62 64 31 48 103 10 111 36 55 
54 49 99 89 92 67 72 96 34 54 14 27 33 44 86 59 97 88 107 89 50 43 17 38 41 66 88 85 22 104 90 16 38 12 56 43 68 59 73 60 14 98 84 85 88 57 50 68 19 20 71 109 67 23 80 34 75 67 109 41 75 76 19 86 104 24 14 21 48 32 10 53 105 79 114 47 91 66 103 63 36 87 57 53 101 64 37 110 24 60 82 83 104 15 12 37 85 103 88 75 
77 102 64 96 24 50 80 69 16 110 37 30 101 60 23 35 53 93 38 25 20 31 107 27 115 15 30 57 14 94 39 58 50 49 10 48 37 53 88 24 87 74 40 86 20 34 100 91 74 101 60 103 85 48 100 68 51 30 63 22 33 80 87 71 96 11 34 98 65 84 61 48 37 63 72 44 10 25 31 18 90 58 78 90 77 45 86 24 64 76 20 7 115 69 41 50 95 31 52 91 
20 29 30 6 58 86 43 103 85 51 13 79 38 98 75 16 106 76 104 76 20 14 18 35 67 93 22 77 63 96 79 97 106 95 40 76 12 115 39 103 45 13 53 36 88 59 50 51 30 37 106 91 15 86 107 83 89 80 6 59 65 112 75 90 43 68 70 26 72 101 96 47 47 97 12 95 81 119 73 109 106 109 76 53 102 98 28 59 72 69 39 62 79 10 79 22 19 18 109 102 
46 62 23 81 78 46 65 23 92 58 45 65 100 31 111 91 82 53 61 48 63 57 22 55 36 103 98 92 98 78 21 95 112 56 23 13 20 91 116 114 89 63 43 61 69 70 98 16 51 45 112 60 35 103 27 49 19 47 94 81 54 7 60 78 41 44 30 94 27 43 24 58 73 38 11 53 85 32 81 105 17 104 42 26 41 28 98 42 65 57 82 69 76 101 35 45 79 110 30 14 
43 95 81 52 75 16 93 88 31 28 73 30 61 87 82 21 42 22 31 108 102 16 45 22 104 40 85 54 22 78 22 72 87 25 49 75 58 84 19 72 26 86 39 74 54 89 59 61 32 27 77 68 53 107 105 68 68 87 84 27 77 78 19 44 30 50 23 67 103 99 75 12 38 4 41 56 64 110 52 86 78 56 97 83 28 15 10 77 16 69 97 24 30 21 65 32 54 91 54 92 
17 24 14 76 34 32 33 55 30 95 81 38 61 11 85 7 18 13 89 4 38 34 4 8 4 84 83 36 61 81 20 2 88 93 96 44 54 20 61 39 4 94 98 49 93 99 25 79 22 6 100 26 81 29 95 79 80 82 78 42 44 52 91 73 62 71 49 74 78 94 59 40 2 70 76 17 26 14 97 51 36 63 13 87 96 30 17 13 90 38 88 96 15 39 48 97 96 8 20 32 
20 23 72 51 58 5 82 10 87 43 7 4 50 69 92 27 100 17 10 55 49 21 46 88 55 92 38 55 8 29 87 32 99 99 31 65 69 52 16 41 11 94 42 16 10 83 32 34 19 91 95 44 30 70 20 54 56 80 93 22 73 26 64 36 47 34 51 70 86 36 12 69 44 98 77 62 22 37 65 42 88 76 80 17 68 94 12 77 17 95 28 72 28 67 100 50 4 62 31 50 
24 54 41 1 41 8 69 15 50 31 55 32 52 18 57 8 56 78 59 88 48 50 45 76 68 90 76 29 19 41 55 90 55 74 4 92 67 99 61 44 21 41 3 32 65 85 1 47 44 76 31 64 68 82 26 1 48 4 10 75 52 49 90 66 11 37 42 40 95 67 80 13 19 11 43 17 90 66 73 62 46 14 33 29 5 47 41 12 81 92 53 35 70 86 90 57 83 56 25 95 
8 30 36 86 87 61 42 8 2 71 16 77 32 90 5 53 98 24 43 69 40 8 91 5 51 75 91 33 22 14 61 50 99 28 25 23 28 81 4 74 81 36 60 13 33 76 21 55 94 16 69 30 59 77 43 27 83 60 14 66 37 69 90 46 69 25 26 79 4 31 66 31 19 13 19 89 37 13 89 99 48 44 42 51 29 98 64 90 60 6 64 21 99 48 89 72 30 3 4 9 
37 45 99 39 19 81 90 20 95 15 52 96 27 54 68 83 3 38 42 29 90 2 33 62 36 51 66 62 3 68 7 61 9 29 10 10 89 39 56 18 14 68 86 6 7 13 38 74 90 41 2 26 87 57 93 49 36 50 67 99 16 48 68 84 60 60 38 98 50 6 82 90 63 30 4 33 71 9 26 71 61 19 99 12 76 3 4 40 47 88 69 10 11 94 4 21 90 88 59 7 
32 25 19 44 69 31 50 29 14 53 92 15 45 58 27 63 91 94 8 88 75 83 86 72 34 75 18 14 57 33 82 87 71 62 4 81 17 72 6 93 39 77 81 46 32 14 11 1 74 4 33 45 87 20 65 6 45 86 94 99 82 88 49 33 18 2 54 1 56 26 85 72 59 35 19 100 69 16 12 98 79 31 92 59 9 59 88 83 11 42 4 11 41 18 39 90 28 53 76 100 
89 39 37 57 96 3 20 10 65 65 25 70 67 95 79 73 26 32 71 19 9 79 1 82 71 60 64 48 69 45 55 72 81 29 45 89 82 81 81 5 86 33 80 80 10 35 76 30 81 41 64 75 24 58 26 39 71 23 70 45 16 31 67 6 57 83 26 55 57 87 82 13 60 66 39 40 89 16 47 68 80 61 53 64 53 58 2 9 96 86 38 64 55 83 67 89 100 63 32 86 
72 63 90 56 71 80 2 7 94 21 42 23 84 41 55 40 100 82 37 13 61 3 85 36 81 99 97 4 53 2 51 65 86 73 55 57 65 62 100 85 23 58 95 27 17 97 26 8 80 55 22 70 41 97 58 40 97 95 82 34 17 4 2 17 69 2 11 31 46 73 1 27 87 54 23 8 60 20 52 19 17 24 35 96 71 64 43 100 19 11 34 54 56 46 41 17 99 58 78 93 
79 45 6 30 3 61 29 92 55 74 57 70 43 56 36 4 44 73 58 88 67 7 47 40 88 77 57 86 63 70 57 54 87 81 51 39 98 50 99 4 2 93 97 5 1 42 72 2 13 63 56 22 76 69 100 63 96 16 74 91 59 90 37 23 52 59 4 46 11 15 6 61 62 82 63 15 43 95 71 99 91 46 23 68 85 99 55 91 19 56 51 47 94 90 90 4 16 24 72 90 
87 74 4 81 53 20 80 39 30 47 48 96 49 5 82 38 48 26 62 88 55 60 80 16 82 65 72 98 82 97 92 57 82 62 33 78 55 56 9 61 32 55 1 93 18 96 88 92 23 97 51 17 64 66 88 6 50 31 23 5 9 70 38 79 61 41 17 61 6 14 43 14 30 96 14 89 89 46 32 34 80 85 39 37 62 80 37 72 32 29 70 20 18 4 17 36 98 91 66 38 
3 86 11 75 13 71 53 77 13 55 38 19 100 81 28 3 28 82 22 16 72 17 21 35 89 36 71 55 78 17 73 12 3 37 77 71 80 100 70 48 97 94 65 45 70 99 3 68 98 24 74 88 23 79 69 40 60 73 76 7 94 44 14 86 23 7 37 74 38 27 1 89 11 4 7 61 88 77 32 81 68 29 57 82 49 19 94 20 30 92 44 15 48 18 51 56 38 3 23 2 
6 17 67 85 82 2 92 58 62 71 70 88 92 93 69 43 21 63 58 58 56 46 18 43 52 9 31 17 83 7 2 24 9 58 72 18 99 74 82 78 8 63 56 33 87 82 45 60 21 58 8 35 56 57 78 7 27 9 85 62 52 72 73 50 85 57 5 65 7 78 73 7 52 54 12 55 26 35 52 68 40 75 75 28 6 19 39 67 6 29 26 77 100 23 72 43 78 47 41 2 
14 46 96 81 30 68 46 92 42 65 91 52 78 6 75 9 42 99 47 31 26 4 56 50 39 57 68 7 45 79 36 1 84 78 17 79 87 51 48 77 29 52 100 41 45 65 7 49 58 34 87 53 39 92 56 61 43 43 64 97 48 28 33 30 42 50 35 31 76 70 94 40 39 53 49 14 59 86 57 16 10 36 73 34 2 71 95 90 42 21 98 14 62 92 59 57 73 8 84 10 
62 15 45 10 82 93 43 93 50 27 93 74 12 85 59 22 85 41 26 13 29 4 44 4 69 87 25 42 20 69 34 38 17 96 46 11 31 71 22 50 54 68 69 83 36 36 29 14 64 24 85 3 53 76 6 63 63 54 26 47 86 24 85 84 23 48 25 64 15 57 60 2 20 9 21 3 16 15 3 50 26 64 94 29 26 94 27 31 46 56 42 27 34 33 77 64 73 25 96 86 
24 94 64 14 3 74 73 87 44 20 36 20 69 28 57 59 15 84 82 97 27 77 36 35 85 31 80 39 67 4 57 94 8 95 79 98 69 7 29 88 70 19 17 59 98 3 66 54 51 49 81 95 29 21 59 22 21 23 100 19 15 84 89 99 74 47 79 12 94 76 81 54 6 54 68 49 27 99 94 77 21 58 67 7 80 17 41 34 81 86 78 59 38 85 59 10 91 6 78 61 
63 68 5 31 23 39 47 21 82 48 100 83 73 57 21 62 20 15 1 17 67 70 88 63 65 51 17 32 86 4 20 97 69 95 59 60 48 58 46 51 96 3 27 28 14 60 54 36 99 86 41 10 36 95 39 81 33 45 1 68 46 41 87 20 15 89 87 82 73 69 91 62 13 39 2 62 10 55 13 50 73 23 46 51 9 55 75 8 92 54 27 18 15 90 92 74 16 4 17 32 
44 1 44 23 84 54 38 32 86 1 82 75 11 41 87 75 62 15 73 89 98 86 2 77 1 98 84 54 92 16 63 44 69 53 98 53 73 67 30 84 28 30 75 26 89 78 18 12 33 10 46 14 18 72 12 38 67 80 47 98 75 24 21 46 16 100 83 14 50 19 59 60 81 45 43 66 94 92 78 93 19 50 41 21 29 62 32 93 37 27 98 94 6 47 71 67 12 85 63 18 
96 73 89 96 47 21 71 6 20 65 92 41 76 15 38 93 15 31 17 27 96 100 89 73 35 26 81 29 41 24 36 22 2 12 71 30 90 4 79 2 74 99 67 78 19 57 52 61 71 75 10 25 86 30 7 18 23 27 100 53 49 7 35 30 66 45 37 93 33 14 19 58 69 18 95 24 24 1 33 4 2 10 36 66 8 22 73 54 38 33 63 56 40 92 26 95 98 100 7 14 
57 40 80 24 29 70 53 95 25 43 66 46 20 78 5 30 26 54 41 56 58 53 88 53 79 13 11 13 16 27 81 19 4 46 84 98 88 22 2 2 15 50 68 58 50 38 13 89 59 74 2 45 71 16 78 55 89 73 26 31 47 97 48 31 75 65 88 24 86 64 87 56 47 63 93 60 23 74 37 15 88 1 78 88 75 73 21 69 53 48 39 40 29 6 77 70 28 4 83 94 
78 10 38 63 33 92 28 17 82 91 42 77 53 28 29 100 75 96 90 1 12 85 56 79 7 69 26 52 85 42 95 45 22 92 69 26 47 23 93 41 76 16 76 39 53 19 47 42 88 82 40 52 68 4 16 34 38 25 33 91 24 27 82 63 91 66 79 46 17 9 46 91 66 98 69 63 46 11 59 24 39 46 12 21 82 96 91 37 87 32 23 97 82 82 40 78 65 11 51 19 
207
204
196
191
189
200
219
203
219
209
196
195
207
182
217
194
211
187
201
211
11 12 9 57 23 23 19 41 20 69 51 30 36 8 64 4 13 7 64 3 26 20 2 5 3 55 44 22 46 50 10 1 62 68 60 33 28 11 41 28 3 58 72 39 48 67 15 53 11 4 56 17 44 23 57 50 59 65 46 25 31 28 46 54 45 40 28 46 47 60 45 27 1 42 52 14 17 8 62 37 21 38 7 52 61 17 11 8 59 27 45 77 8 20 24 72 65 6 14 26 
13 12 56 27 33 3 48 6 45 33 6 2 37 43 69 16 55 12 7 40 33 16 26 70 34 59 26 34 4 19 57 17 73 58 17 47 55 41 11 29 7 71 29 11 7 43 20 18 10 63 63 24 23 52 16 30 37 40 52 11 45 19 38 25 26 20 32 47 51 24 9 36 29 63 47 35 16 27 39 32 70 47 63 12 44 74 9 61 9 74 17 39 16 34 58 38 3 39 25 40 
13 37 30 1 23 6 53 10 38 23 37 24 27 9 40 5 34 45 47 61 30 28 35 50 49 65 45 17 12 23 36 65 37 54 3 49 44 79 38 28 12 22 2 22 35 68 1 31 31 60 20 32 42 62 15 1 33 3 6 50 33 31 68 40 7 21 21 24 74 39 57 7 10 8 23 11 53 37 41 49 30 11 18 18 3 34 21 8 61 62 38 18 37 48 60 45 45 37 19 63 
4 19 26 45 61 32 32 5 1 45 10 50 18 53 3 34 59 13 26 48 22 4 52 4 32 51 61 19 14 10 41 35 65 20 14 14 17 55 3 57 49 28 37 7 26 47 14 32 53 12 54 18 47 42 24 21 47 39 8 52 19 39 65 35 49 14 19 40 3 23 33 19 10 8 14 47 19 9 69 59 30 30 32 33 20 70 48 55 35 4 37 13 68 32 53 55 16 2 2 5 
25 25 59 28 10 53 63 13 59 9 38 58 18 29 44 64 2 19 31 18 48 1 23 32 20 39 47 36 2 34 4 34 6 22 6 7 64 28 30 12 8 35 58 3 5 10 30 50 49 23 1 19 65 45 53 28 21 28 53 57 11 29 40 46 46 44 22 60 28 3 61 46 43 23 3 24 43 7 16 54 32 13 78 8 57 2 3 29 37 60 46 8 8 73 3 13 54 69 34 4 
22 16 15 30 49 20 31 20 10 27 56 12 34 46 19 41 46 50 6 53 47 49 51 44 20 45 14 11 32 25 63 52 53 45 3 62 13 36 4 69 20 61 50 33 20 8 8 1 40 2 25 35 51 15 38 3 27 45 56 58 54 58 39 22 10 1 31 1 30 17 54 48 47 19 12 61 46 10 7 54 58 18 64 36 5 33 59 54 7 22 3 6 23 11 25 53 16 33 41 78 
70 21 25 35 71 2 11 6 51 36 14 40 45 56 40 44 16 21 49 15 7 63 1 47 46 42 47 35 41 26 39 53 58 18 33 50 42 54 62 3 64 17 56 62 7 20 40 22 63 32 47 42 14 30 14 24 43 14 48 23 9 24 40 3 32 42 15 34 43 46 41 7 45 41 23 28 45 9 33 44 42 32 31 37 34 44 2 5 65 56 26 46 42 49 50 52 74 46 21 66 
40 34 55 34 41 56 1 5 68 16 27 16 43 25 39 31 70 51 24 7 36 2 55 28 56 52 51 3 34 2 30 43 56 52 32 33 42 46 67 43 12 37 60 15 11 64 20 4 51 30 17 46 33 55 41 31 62 70 64 18 10 2 1 11 39 1 7 16 36 38 1 14 67 35 14 4 31 13 34 14 10 12 21 53 45 47 30 77 13 7 24 35 33 32 29 12 63 30 44 69 
60 32 3 20 2 41 23 56 36 47 41 41 33 37 25 3 34 38 39 67 46 5 34 22 51 42 30 68 42 46 31 28 44 51 31 30 54 36 59 2 1 52 52 3 1 25 40 1 9 43 44 16 55 39 78 38 69 8 51 67 47 69 21 18 27 41 3 32 7 11 4 45 48 56 42 10 28 50 57 55 47 32 12 52 44 66 36 65 13 32 37 31 70 67 62 2 10 16 57 68 
60 55 2 42 29 10 61 21 18 36 30 49 34 3 51 23 36 14 45 53 43 43 43 8 54 48 57 73 65 68 57 29 56 43 26 46 31 39 7 31 19 31 1 73 14 57 53 56 18 57 38 10 48 34 51 5 35 18 17 3 6 38 23 58 32 24 10 48 4 9 30 7 21 71 10 70 56 34 23 17 63 43 31 25 38 45 27 42 19 19 53 14 10 2 9 27 49 61 44 20 
2 52 8 45 10 54 28 42 7 40 22 11 53 60 21 2 20 49 15 9 49 10 12 23 57 23 45 39 51 11 52 6 2 26 53 55 62 73 49 32 71 74 33 27 51 69 2 41 64 19 41 57 13 45 38 22 44 53 44 4 56 26 7 53 17 5 28 44 19 15 1 55 8 3 4 43 53 53 24 47 43 20 40 55 30 12 69 15 20 61 25 8 37 14 27 31 19 2 15 1 
3 10 37 55 65 1 60 40 40 46 51 66 55 62 38 23 11 34 36 45 35 26 11 23 30 5 23 13 44 4 1 12 5 43 38 14 57 38 55 45 5 46 32 17 68 41 33 47 13 32 6 28 34 36 60 4 19 7 50 40 38 46 41 25 46 43 3 36 5 53 42 4 40 40 7 28 18 19 36 50 26 56 57 21 3 11 21 41 3 20 15 60 67 14 41 23 59 35 26 1 
8 26 64 62 16 53 23 60 28 43 71 28 62 4 38 7 32 66 36 19 21 3 31 40 21 37 35 4 26 53 27 1 55 52 12 55 51 38 30 48 20 32 78 30 34 35 4 37 44 23 68 32 26 54 38 45 24 32 43 54 31 18 17 20 25 38 26 21 46 39 62 27 29 31 32 7 34 66 43 11 6 27 44 20 1 57 62 61 24 13 77 8 37 53 33 36 53 5 45 7 
45 9 34 7 48 50 33 56 31 21 54 47 9 43 38 15 60 29 21 8 17 2 32 2 50 66 17 21 15 39 26 20 11 67 29 8 22 43 13 35 32 45 52 49 18 28 15 9 49 13 64 2 36 40 3 50 42 29 13 24 68 18 54 56 14 33 18 34 8 32 39 1 10 7 14 2 10 10 2 33 20 50 70 15 15 52 17 22 30 40 28 20 25 23 58 42 58 20 60 50 
17 71 45 9 2 39 44 65 27 16 22 12 46 22 38 45 11 43 58 68 21 42 22 21 55 23 44 23 47 3 30 48 6 53 58 54 42 4 17 59 52 14 9 34 68 2 44 41 40 29 59 66 18 16 35 15 15 15 72 10 10 52 62 57 48 26 62 8 73 51 50 34 3 29 35 32 15 73 54 46 17 35 39 4 64 9 30 19 56 55 62 32 24 43 31 7 71 4 41 33 
33 50 3 23 17 22 26 12 64 28 57 52 53 31 15 47 12 9 1 12 41 56 69 46 47 33 12 18 58 3 12 72 54 76 44 45 38 31 27 32 75 2 18 20 7 40 35 25 76 53 25 8 22 68 23 47 24 35 1 46 35 32 54 15 9 48 54 45 58 42 72 32 7 26 1 34 7 38 9 27 49 18 36 32 5 35 46 6 55 36 19 9 8 58 50 55 10 3 14 22 
25 1 30 15 50 31 30 22 61 1 55 39 8 27 52 48 38 9 40 49 78 48 1 40 1 49 48 40 51 13 43 26 48 28 50 33 43 49 21 58 19 24 47 13 69 44 11 9 19 7 36 9 14 44 8 23 42 54 36 76 57 18 11 33 8 51 47 8 32 10 47 35 58 30 34 41 69 66 47 48 10 32 25 15 16 37 17 54 22 19 61 66 4 36 50 46 9 60 41 11 
76 57 61 63 24 11 50 5 13 39 51 28 41 9 22 66 10 19 10 17 61 61 50 39 19 17 49 16 33 15 28 17 1 9 46 22 72 3 52 2 48 67 37 52 10 33 39 33 46 48 7 16 43 18 4 9 14 16 75 39 27 4 25 16 47 24 21 54 25 10 14 42 52 11 63 13 13 1 18 2 1 6 20 44 5 15 43 38 24 25 41 34 24 67 15 53 66 64 5 7 
31 30 54 12 17 38 36 55 19 24 40 24 12 49 3 20 17 42 24 36 33 32 69 42 56 10 8 9 12 16 44 15 3 36 48 63 61 12 1 1 10 25 53 39 36 21 7 71 33 40 1 32 50 8 61 33 48 40 15 17 30 54 29 19 38 38 47 18 63 47 58 35 33 40 49 35 12 46 28 9 47 1 55 68 52 43 16 36 32 35 25 29 19 4 59 50 19 3 64 52 
53 8 20 50 18 70 21 9 48 55 33 41 34 21 17 68 53 62 64 1 7 55 44 45 5 43 14 31 49 21 48 32 17 67 45 17 27 12 52 23 58 12 46 22 36 15 27 22 65 47 29 32 36 3 9 18 22 18 23 62 18 20 60 35 57 53 44 25 10 7 24 59 44 72 38 48 33 6 41 18 21 34 9 11 59 63 71 28 51 18 17 56 55 62 25 41 45 8 28 14 
22 31 18 102 48 46 48 71 40 139 117 50 81 15 117 10 27 16 117 5 50 46 6 10 6 103 102 49 78 107 24 3 131 132 128 54 77 28 76 55 5 117 129 71 118 144 36 116 27 7 137 38 112 38 126 118 109 121 109 58 53 75 119 106 75 86 63 97 107 123 74 49 3 94 103 22 37 21 125 68 52 90 19 110 124 40 25 16 109 47 112 115 19 54 64 144 131 10 27 41 
27 33 101 63 83 7 119 12 117 59 9 6 68 96 113 40 148 25 14 79 66 28 59 125 76 119 48 69 10 42 117 46 148 134 46 78 92 63 23 61 13 115 62 19 13 101 46 44 28 122 133 64 36 102 27 75 79 107 114 31 102 37 93 51 57 50 76 103 116 45 17 97 66 140 115 85 30 48 86 59 130 92 115 22 84 118 15 106 24 137 42 90 38 89 145 68 5 79 42 72 
33 72 56 2 53 12 86 21 73 38 73 44 77 24 71 11 70 95 79 108 59 73 56 108 89 110 91 43 27 61 68 126 75 105 5 134 83 132 82 64 27 60 4 39 97 126 2 67 54 95 45 78 90 112 35 2 68 5 13 109 66 63 117 86 15 49 57 51 140 86 100 18 26 13 54 23 117 90 94 83 62 18 46 39 7 59 61 18 117 125 74 43 105 120 120 73 100 76 37 142 
11 45 52 112 118 87 56 10 3 92 24 111 44 132 6 78 120 35 54 102 55 10 110 6 76 91 135 41 27 20 77 75 138 41 34 31 38 111 6 106 97 44 90 19 40 93 30 81 119 21 86 41 83 96 57 34 113 89 18 93 54 87 115 62 86 32 34 103 6 38 86 45 26 19 24 115 52 18 114 140 72 54 53 69 37 142 93 133 90 8 77 29 140 64 133 88 37 4 6 11 
49 67 138 56 26 120 128 26 125 21 77 143 33 67 86 108 4 50 51 42 121 2 41 86 46 67 82 79 4 87 9 84 12 35 13 14 120 55 68 22 18 99 105 9 10 18 57 89 112 52 3 34 109 69 136 61 51 61 93 125 19 64 95 115 75 76 49 127 60 8 109 113 79 39 5 45 93 11 35 96 74 26 132 16 104 4 5 53 61 110 86 14 16 130 6 26 133 126 71 10 
41 30 26 62 88 43 66 37 20 72 128 19 61 75 37 93 123 131 11 121 98 105 107 103 43 90 25 20 85 47 113 129 101 78 6 97 21 106 8 131 51 107 115 66 40 17 14 2 110 5 42 61 124 27 80 9 56 129 129 134 123 126 61 49 22 3 75 2 73 38 127 99 81 43 27 136 95 20 16 134 103 45 127 71 12 87 114 118 14 54 5 15 50 23 51 123 36 71 92 134 
118 53 47 77 133 4 27 13 94 86 35 86 87 131 110 94 34 42 94 27 12 107 2 99 98 88 95 59 83 60 68 101 108 39 66 112 119 106 110 7 121 42 105 104 13 50 107 37 110 60 88 92 31 75 33 58 92 29 94 56 21 42 89 7 70 124 38 82 78 129 117 17 86 82 53 48 119 21 63 86 119 91 72 82 70 83 3 13 125 126 52 89 79 100 99 116 130 85 41 111 
105 85 108 81 101 96 3 10 140 31 55 33 108 58 66 59 142 99 45 19 76 4 112 51 105 137 140 6 64 3 68 95 129 93 69 72 91 82 127 123 29 82 116 34 22 125 35 11 99 68 30 103 61 137 77 59 129 117 106 49 25 6 3 25 96 3 14 43 61 98 2 36 128 80 29 11 74 29 68 26 22 34 51 129 93 85 63 148 27 14 45 73 74 61 50 25 140 80 112 113 
109 57 9 39 4 85 43 111 70 94 81 85 56 83 48 6 62 105 82 128 95 10 58 49 109 93 70 105 88 93 77 69 107 115 69 50 124 63 145 5 3 122 127 7 2 56 87 3 18 91 75 30 105 86 138 81 124 22 99 134 86 134 55 32 75 73 6 69 16 22 8 76 77 108 81 20 59 126 85 143 132 59 28 83 117 121 70 131 27 75 71 68 113 124 114 5 23 35 105 128 
108 104 6 110 67 29 117 55 38 62 62 134 66 7 113 56 62 36 85 121 70 85 111 23 99 83 106 144 109 129 122 83 109 84 44 99 71 70 12 81 47 81 2 128 24 125 131 116 30 127 66 23 87 91 123 9 72 44 34 7 12 86 53 97 83 52 22 85 8 18 64 20 40 116 18 110 124 66 46 51 106 110 58 55 86 114 45 98 47 37 101 27 27 6 23 52 124 112 85 57 
4 128 16 112 19 96 74 93 18 78 46 27 125 100 41 4 40 121 32 20 89 21 26 44 127 51 85 68 113 23 108 15 4 50 110 101 104 145 94 66 139 119 90 59 95 138 4 96 139 34 109 109 29 110 86 53 73 88 105 9 125 56 20 115 30 10 46 99 56 34 2 114 14 6 9 86 111 103 41 120 90 37 81 114 66 25 130 24 40 136 63 20 71 26 61 79 46 4 34 3 
7 23 94 125 112 3 125 84 90 95 96 126 120 127 83 54 29 80 84 79 77 67 24 52 76 13 40 24 105 10 3 32 11 71 90 26 136 95 118 97 11 88 84 44 125 106 58 86 25 70 10 42 77 75 113 10 34 12 111 82 73 106 99 69 108 81 7 88 9 107 106 10 67 65 16 75 32 46 64 98 49 102 107 37 7 27 53 100 8 36 39 96 125 33 91 59 110 65 57 3 
18 56 143 109 39 95 64 112 52 90 110 67 103 9 103 12 56 138 66 45 33 6 72 66 51 71 97 9 54 111 52 2 114 111 21 112 115 69 69 103 41 76 125 61 64 84 9 68 73 46 129 70 55 133 75 89 60 52 90 132 62 34 48 38 51 65 43 42 107 103 125 48 52 69 71 17 76 111 78 20 14 44 94 44 3 88 136 111 53 27 132 17 75 116 77 83 98 11 120 13 
87 21 56 15 121 131 62 126 64 34 136 108 18 125 78 30 111 60 34 19 35 5 64 5 100 118 33 58 29 99 46 53 23 128 68 14 41 86 31 60 73 90 93 123 53 44 35 20 94 33 110 4 78 97 8 78 77 74 38 67 107 33 126 113 31 61 36 89 19 81 87 3 30 12 26 4 22 18 4 64 33 89 126 40 34 122 33 45 63 76 54 35 46 48 99 90 95 32 123 116 
33 141 91 19 4 92 99 114 55 30 43 28 85 41 84 82 21 116 122 135 37 111 48 43 122 45 107 53 84 5 79 137 10 132 103 132 90 9 39 115 84 23 23 75 123 4 86 80 73 69 105 115 36 27 79 27 29 30 122 28 21 121 113 122 109 58 109 15 122 108 117 76 8 77 90 73 35 120 131 105 31 74 84 9 104 21 61 50 114 111 115 87 53 114 81 12 115 8 94 91 
89 101 6 39 28 50 58 31 107 69 126 117 91 84 27 83 26 22 2 22 89 102 128 90 93 70 22 39 107 6 29 142 83 132 84 85 67 82 62 64 118 4 37 38 21 81 80 47 120 115 57 12 47 132 51 117 42 66 2 97 62 50 125 28 21 125 122 105 97 103 132 88 18 55 2 87 13 71 18 74 93 33 57 75 12 70 112 11 128 70 40 24 22 132 119 95 22 6 25 40 
58 2 58 30 113 74 48 44 119 2 100 103 15 58 129 106 84 18 91 117 144 128 3 98 2 132 119 66 114 23 78 53 101 74 139 68 94 88 41 107 34 41 91 37 107 104 24 16 42 13 59 19 27 87 15 49 100 98 62 118 90 29 31 63 19 129 104 19 72 24 74 83 102 62 62 87 124 131 98 116 26 71 56 26 38 91 39 132 47 39 138 113 9 58 91 100 15 120 86 22 
117 93 132 138 65 30 88 8 26 88 111 52 98 21 54 139 19 38 24 36 121 146 125 107 44 37 98 36 59 33 44 28 3 16 93 40 117 6 100 3 108 133 100 97 26 82 68 76 86 106 12 33 112 39 9 27 28 35 134 78 59 10 45 44 97 65 54 116 48 21 26 83 93 23 137 34 34 2 49 5 2 15 48 96 10 32 93 70 49 41 76 77 48 138 37 127 124 122 10 21 
70 52 104 31 41 93 64 130 35 64 87 68 27 112 7 44 36 79 59 70 71 76 114 76 107 17 16 19 24 35 121 26 5 57 117 142 122 30 2 3 18 65 99 76 64 51 19 131 74 96 3 57 101 24 103 79 109 108 32 38 65 137 63 41 108 89 118 35 110 82 130 79 67 89 139 78 33 103 53 19 106 2 101 130 96 98 30 85 73 58 48 55 37 8 99 103 36 5 102 124 
104 15 52 90 41 130 39 24 117 135 59 96 70 40 36 132 111 121 115 2 17 124 78 98 10 96 35 77 120 51 122 56 33 113 91 38 57 31 133 57 114 23 107 50 66 28 64 61 107 118 54 78 86 6 21 48 50 33 44 127 31 38 118 81 112 94 97 66 23 12 60 130 96 139 102 81 58 14 78 34 50 56 16 27 106 141 123 45 110 43 34 122 113 117 48 98 82 14 73 27 
