20 200
40 20 38 108 107 20 93 33 91 94 25 75 82 66 25 98 21 104 84 41 48 41 108 99 29 75 92 11 83 35 33 96 12 24 81 106 25 83 86 30 99 59 57 26 9 21 63 79 16 81 28 109 64 49 106 95 67 83 8 107 50 14 89 27 77 70 21 92 30 98 89 110 50 81 117 32 14 24 16 87 54 48 15 27 51 58 18 94 81 78 26 55 47 95 94 24 51 29 91 88 57 110 43 37 85 18 96 29 71 93 108 9 63 69 87 58 62 44 12 58 87 31 42 29 65 112 21 74 77 20 43 20 36 64 61 81 81 11 37 111 7 30 15 14 28 73 101 88 60 64 45 99 59 76 85 107 68 96 92 67 97 99 59 57 7 91 69 32 63 106 74 96 100 20 27 74 22 69 23 108 42 59 32 9 39 27 96 49 29 22 101 96 43 89 94 87 64 61 65 44 
53 68 12 27 61 28 66 40 95 28 77 108 98 11 55 102 21 42 30 58 97 111 97 95 78 32 73 85 10 26 80 12 102 86 55 4 56 106 104 52 46 6 111 21 111 25 34 95 37 22 31 78 31 61 20 23 79 34 76 66 48 85 98 116 95 12 54 99 17 44 30 27 69 61 74 48 14 50 36 68 86 88 39 17 24 36 62 61 75 66 74 87 43 37 74 33 49 101 34 95 38 78 40 107 69 91 25 86 94 54 63 63 103 90 104 45 61 62 69 49 88 54 52 89 62 101 119 50 54 49 92 66 57 42 48 35 83 78 71 95 72 9 52 64 52 111 71 52 100 107 80 54 72 76 49 37 21 42 69 93 93 56 38 25 89 19 98 59 44 28 19 21 77 72 29 19 92 22 76 37 91 19 62 63 13 106 51 74 106 26 22 27 39 60 35 48 80 28 5 27 
51 68 21 51 57 60 33 36 37 97 67 94 17 97 101 27 52 43 21 69 119 102 62 66 81 49 16 54 49 76 79 50 103 27 108 14 5 51 58 48 28 72 108 104 72 111 90 39 39 88 14 73 52 102 46 81 59 30 71 103 108 46 61 43 6 38 59 101 56 91 66 70 100 43 47 88 26 102 18 72 98 43 95 57 52 78 47 109 104 108 100 41 40 33 44 102 21 34 106 48 87 82 56 60 44 11 36 34 55 110 45 105 87 36 66 79 38 47 48 49 81 37 72 32 40 44 58 25 61 35 17 28 74 115 16 15 38 59 51 67 15 38 83 40 96 94 17 94 18 28 24 99 108 33 35 3 100 15 19 75 31 39 48 25 24 35 30 118 40 35 22 78 70 71 20 35 63 89 73 26 99 82 4 106 94 67 27 70 99 64 37 95 50 109 72 97 77 20 92 53 
31 42 95 98 17 80 90 1 23 74 49 116 54 93 10 53 61 104 75 63 52 50 21 51 87 87 70 51 25 60 89 9 73 93 25 23 47 12 25 61 67 84 17 29 50 68 92 70 26 23 64 60 65 33 24 54 65 84 79 51 72 76 80 14 16 80 102 90 63 63 87 47 89 19 38 74 90 55 100 107 32 89 68 117 57 19 15 12 40 47 85 69 15 47 78 41 43 60 106 98 58 67 12 12 24 100 85 42 28 25 10 57 25 67 96 17 78 95 96 82 80 10 50 94 44 15 67 25 72 69 30 111 41 62 48 51 75 89 66 105 109 52 92 56 11 46 24 44 14 70 23 59 25 89 28 43 100 45 85 20 28 28 21 13 54 50 56 62 37 33 101 37 49 93 92 43 98 79 27 63 20 55 80 22 47 57 62 90 78 106 60 68 96 19 98 72 106 113 67 43 
22 61 100 80 41 66 105 58 24 41 32 84 86 86 46 74 94 76 92 36 104 26 58 70 28 29 13 17 24 96 87 39 9 83 88 111 47 72 58 45 37 66 92 76 111 100 73 35 62 108 68 84 39 59 7 72 28 104 27 59 66 49 94 35 75 52 84 14 25 115 13 29 80 15 100 14 50 95 67 16 102 79 33 15 15 59 61 62 78 76 60 77 80 102 16 78 85 65 93 116 60 22 64 59 69 108 18 35 52 53 81 103 17 53 102 78 76 44 54 65 45 57 57 84 32 47 79 78 78 39 59 102 55 81 35 85 108 31 80 75 12 100 86 69 82 43 45 41 99 34 42 117 76 23 82 64 34 42 58 47 26 97 78 105 62 64 85 81 20 69 114 77 43 41 43 67 25 100 21 16 11 93 49 31 67 30 25 16 36 41 58 42 54 42 56 37 28 103 86 63 
95 71 20 46 49 27 68 54 26 59 105 58 98 83 11 65 104 40 56 45 35 90 103 80 77 59 30 113 50 36 2 30 40 49 91 44 6 88 44 68 18 15 79 64 94 53 97 38 69 55 54 60 67 88 42 102 45 76 54 33 40 62 46 20 89 38 71 22 23 80 93 12 108 92 83 31 103 13 92 72 36 82 46 72 35 103 23 49 40 26 11 34 98 60 8 78 77 34 58 93 41 79 106 8 32 28 8 24 47 57 89 31 93 7 59 110 97 42 41 26 76 20 79 63 105 76 50 10 101 76 62 28 55 66 64 64 41 90 37 65 57 78 73 43 55 82 109 30 64 96 49 43 19 56 67 23 66 76 64 64 39 5 64 83 70 100 108 108 58 86 105 61 18 73 107 77 115 17 103 29 97 38 89 87 88 92 56 62 21 49 55 32 37 65 41 78 86 28 63 52 
18 22 60 40 25 45 22 45 56 29 64 90 73 103 56 53 37 69 22 91 44 104 64 65 14 45 99 14 73 16 72 29 51 93 43 78 52 34 41 64 54 37 84 53 16 30 98 77 29 110 92 85 81 97 100 61 4 31 39 54 15 34 51 77 54 75 27 105 96 66 84 6 98 80 32 101 11 41 54 114 98 101 101 55 91 104 45 96 33 56 114 84 90 72 24 55 23 62 38 39 74 88 98 15 88 100 64 45 69 77 99 105 17 30 87 63 84 24 58 74 54 74 26 52 26 26 31 41 41 97 113 40 72 29 27 91 59 25 92 52 11 44 16 74 104 49 90 47 3 77 47 34 21 102 74 32 82 93 84 102 87 58 83 69 31 45 44 40 76 81 39 95 60 29 105 4 76 111 28 71 65 27 71 25 72 97 110 114 95 91 85 105 52 33 50 70 102 7 38 86 
18 118 63 91 45 106 74 45 80 91 71 82 56 62 83 16 27 64 53 56 112 104 112 56 57 69 93 90 68 95 107 62 55 89 70 35 26 25 46 26 72 9 100 45 57 109 92 36 109 45 82 17 107 74 115 30 100 95 97 20 68 68 44 99 72 50 65 87 20 104 78 41 106 26 109 92 3 79 74 17 100 46 40 37 36 50 53 99 108 23 63 88 112 50 14 90 85 99 77 91 95 39 37 42 26 63 45 36 39 86 81 38 31 77 30 60 62 81 42 58 100 28 45 72 100 64 52 94 61 56 57 30 10 13 62 29 29 90 9 93 43 109 95 75 47 10 63 73 100 97 87 28 90 67 67 25 86 78 31 28 43 63 101 33 39 85 108 104 83 51 10 79 46 63 72 29 87 38 45 82 99 114 29 31 23 100 10 51 100 83 90 58 22 67 99 68 45 86 18 25 
52 81 55 38 51 11 103 24 58 59 12 102 82 49 78 48 98 29 42 8 81 111 86 106 26 114 38 89 47 61 52 100 66 110 100 50 32 58 46 107 85 10 35 64 40 61 98 28 85 59 66 81 98 76 64 19 73 96 71 70 95 41 38 17 75 77 74 101 81 88 74 44 62 75 57 44 103 52 66 100 86 56 59 38 77 98 105 48 55 84 49 68 91 59 19 85 17 99 37 79 55 50 35 107 54 37 72 100 68 86 70 52 98 92 88 46 96 34 101 44 55 55 92 106 71 32 93 98 104 77 65 35 31 96 7 68 84 42 67 36 64 52 14 43 47 77 54 38 43 69 36 20 48 47 74 82 101 97 25 50 40 53 87 3 51 61 80 25 104 100 62 14 39 77 10 86 14 47 9 89 101 7 88 117 104 78 42 42 23 35 16 79 62 15 100 77 55 39 78 55 
54 42 91 20 107 73 105 21 31 58 60 75 24 75 46 111 62 33 13 15 89 48 99 65 38 72 35 94 93 110 77 38 38 42 98 23 37 54 16 110 67 12 87 95 39 84 72 104 97 98 39 51 104 103 79 31 52 13 17 17 70 116 45 59 62 36 19 12 91 80 38 35 38 29 56 72 26 66 42 63 55 18 25 60 106 27 33 82 74 52 24 7 21 78 22 23 89 25 67 85 82 7 75 105 32 35 113 87 117 96 41 55 35 26 106 77 63 32 114 66 96 26 24 92 113 44 104 38 14 69 22 33 37 79 59 106 14 36 72 51 14 91 71 26 66 13 110 103 41 51 81 94 34 72 20 57 66 84 13 55 64 93 59 59 115 78 43 32 39 102 101 70 58 73 42 92 95 75 38 14 53 98 51 77 80 32 105 33 76 88 11 28 59 63 48 42 67 13 47 94 
36 86 64 78 35 83 79 106 74 90 25 14 26 73 53 50 38 88 86 35 107 49 88 11 91 28 106 6 37 53 26 113 65 43 31 67 49 5 60 64 35 78 17 49 101 97 66 52 45 8 44 56 18 45 66 85 24 40 66 57 80 29 106 84 98 68 87 55 94 89 94 28 37 62 72 42 50 50 62 23 10 60 89 36 79 54 102 69 79 93 35 63 7 78 106 90 100 63 51 83 37 43 24 18 54 68 82 89 40 42 87 105 75 53 105 95 33 56 44 67 100 63 88 96 79 73 55 94 52 90 74 49 56 40 104 100 73 23 31 17 87 57 19 103 93 24 91 75 36 17 94 24 34 30 95 29 49 37 42 83 61 91 59 99 7 96 40 79 30 16 13 44 41 69 48 105 94 25 14 63 98 82 23 109 54 36 120 79 83 70 20 107 70 18 81 60 50 107 75 26 
58 84 80 86 25 89 78 43 33 38 38 25 58 40 18 11 86 102 58 83 21 56 59 55 38 37 29 83 104 54 36 94 42 19 50 64 35 32 43 67 104 21 35 94 89 23 58 86 93 18 54 85 73 62 101 83 48 61 63 75 39 100 92 36 54 18 99 19 97 40 50 12 50 59 114 101 37 43 55 49 65 72 111 66 105 40 99 107 4 24 116 95 15 90 19 89 46 44 72 37 92 10 61 79 28 77 73 102 60 17 50 38 7 16 80 71 91 78 80 66 38 86 73 98 108 9 86 33 117 38 67 104 111 26 47 84 88 46 43 16 69 25 19 73 56 103 46 53 61 93 103 100 115 63 114 102 65 70 15 30 63 48 77 91 102 53 74 33 71 34 90 2 8 86 71 18 104 10 47 40 117 82 78 34 113 20 46 70 45 45 101 25 67 38 46 11 81 42 80 49 
72 56 51 44 92 87 88 100 90 56 70 65 32 42 92 14 102 61 77 47 59 47 12 4 30 21 87 58 77 80 36 42 36 7 114 46 9 91 102 85 51 104 102 67 71 78 20 11 66 12 58 18 54 55 66 58 100 28 51 88 35 83 103 61 64 27 21 77 61 28 20 85 114 76 75 23 35 11 91 54 19 24 100 92 25 30 56 18 44 95 21 44 109 46 97 77 46 35 67 28 39 30 118 74 38 19 58 33 54 11 26 98 31 111 22 83 82 72 47 19 37 62 47 86 105 65 86 88 67 95 99 32 10 71 30 106 75 42 49 82 94 107 59 99 21 23 37 44 67 28 34 79 85 107 36 38 66 103 71 69 103 55 95 85 53 65 78 40 71 19 42 16 89 28 57 37 21 40 13 111 95 65 30 13 53 93 8 111 82 62 24 81 24 61 67 22 17 13 116 39 
63 102 82 83 68 11 101 10 38 102 105 85 91 74 95 30 52 66 94 112 80 49 28 47 112 44 42 47 67 95 75 63 42 26 65 75 54 73 78 66 69 31 65 46 97 66 24 90 89 73 18 32 36 111 65 54 80 39 53 21 17 75 96 81 27 14 62 46 59 73 75 110 46 31 15 39 25 98 25 80 82 85 55 30 22 78 23 87 95 101 53 30 17 81 91 57 34 64 57 30 91 71 50 50 110 50 52 71 57 23 14 31 22 35 74 101 19 86 64 38 77 30 80 43 66 38 46 66 53 42 102 47 27 94 107 39 57 77 104 30 71 66 49 16 93 17 78 44 104 26 85 38 56 103 31 46 98 42 19 99 41 95 105 18 59 68 13 69 55 24 91 111 98 68 91 68 71 31 38 45 101 59 52 43 38 8 32 59 98 43 83 13 112 49 88 87 94 83 17 20 
44 7 86 64 37 73 77 43 45 56 101 64 94 87 46 112 19 109 41 32 86 98 100 26 88 20 62 59 22 88 50 66 98 23 53 107 25 69 38 102 34 115 106 92 93 112 42 102 87 114 33 107 112 68 24 77 29 78 92 84 78 41 68 92 62 110 94 41 69 87 34 27 14 54 84 17 4 37 101 79 66 13 30 41 58 92 27 113 104 103 14 13 60 98 105 100 13 32 77 66 47 37 22 64 30 39 40 112 105 54 24 5 88 23 89 38 80 35 47 56 15 11 21 37 22 118 62 57 22 113 65 87 51 38 28 98 80 81 109 91 46 51 61 72 20 98 100 24 68 81 79 57 17 47 13 56 71 102 37 13 93 39 33 92 48 64 92 57 15 15 19 13 49 63 71 25 41 55 23 109 43 21 68 105 117 92 88 67 67 95 60 19 20 103 71 107 112 36 87 77 
40 14 92 37 90 104 76 41 105 36 116 80 34 47 53 74 115 34 49 69 79 43 11 108 70 54 38 26 72 16 75 90 50 36 42 85 54 74 78 33 13 6 41 50 71 70 105 100 104 102 58 70 33 78 84 37 66 27 108 104 34 11 96 14 53 43 15 43 26 71 78 39 25 89 82 77 90 48 87 82 88 47 69 51 83 70 86 85 60 63 67 115 90 28 17 108 111 15 90 37 54 42 72 79 26 95 67 38 62 60 13 19 22 64 46 45 61 115 57 113 16 96 52 101 65 97 102 75 118 101 38 37 64 29 63 95 62 53 83 74 32 7 96 55 21 70 65 61 85 48 6 45 93 32 53 81 101 88 65 77 19 25 20 17 56 21 48 55 24 98 106 106 53 32 53 57 104 81 37 93 71 88 20 108 42 35 55 81 11 78 94 44 71 100 97 51 98 50 19 84 
80 105 25 61 35 82 18 112 26 82 64 76 25 58 74 30 85 92 71 48 77 45 47 45 50 97 54 75 73 48 78 113 29 34 62 87 20 67 77 71 34 76 102 31 5 22 17 104 58 13 112 12 97 109 118 10 53 74 34 90 36 91 40 14 42 24 52 115 99 75 69 28 69 69 78 98 64 68 90 103 68 88 37 102 40 51 10 17 21 86 11 58 36 98 32 44 85 20 39 56 77 61 25 57 22 31 71 60 104 4 67 22 36 96 58 53 89 77 40 101 81 36 49 44 31 67 16 58 92 87 86 88 34 24 109 39 59 12 56 83 22 104 36 102 35 50 23 24 96 55 80 20 33 23 50 77 54 84 85 100 34 13 83 47 101 40 54 73 36 68 14 96 87 99 15 84 90 71 27 53 51 34 50 39 93 16 82 105 31 34 62 48 12 71 94 74 78 50 11 23 
63 115 65 31 20 30 74 31 59 64 65 80 52 87 25 40 25 101 69 100 60 104 86 71 80 73 57 33 105 20 20 93 44 111 39 21 77 92 101 31 35 89 55 70 73 70 71 73 28 29 70 97 69 65 68 35 25 55 80 48 89 14 55 94 32 39 57 101 81 51 90 92 36 97 17 92 94 18 50 25 53 93 11 75 63 71 29 110 87 76 26 8 89 62 102 16 74 63 17 52 32 88 28 4 41 16 36 74 76 114 114 48 62 7 74 13 115 16 6 69 57 16 29 63 40 15 37 30 71 89 42 92 62 31 79 84 76 58 34 106 108 59 25 59 35 112 33 33 73 40 86 108 99 19 55 88 66 48 115 94 56 25 56 87 56 111 78 25 103 19 23 44 70 77 2 93 97 65 74 40 79 104 30 83 89 32 4 14 87 15 115 88 51 45 49 83 7 78 69 50 
13 36 50 44 57 57 54 69 92 69 16 22 45 68 29 95 17 21 88 63 33 96 15 29 97 101 47 27 106 68 33 57 54 67 112 107 77 89 26 71 30 30 89 87 34 61 69 47 44 79 11 74 48 32 65 3 21 70 87 32 15 76 60 50 103 14 40 72 71 85 28 83 18 18 37 69 65 10 9 84 106 79 30 9 86 87 62 73 5 12 98 111 87 62 75 78 48 105 37 46 85 81 50 71 77 21 118 84 8 104 58 53 48 37 54 96 77 88 63 31 85 68 64 39 108 109 73 27 95 85 39 93 111 74 51 86 96 112 78 26 68 98 120 26 88 92 86 82 100 82 33 26 29 83 80 96 77 20 85 50 19 23 33 3 61 42 43 99 79 46 61 58 55 69 86 14 81 102 77 56 28 21 29 52 15 22 113 62 45 43 92 61 86 53 80 69 46 51 91 5 
82 103 39 60 80 11 10 113 108 75 58 33 30 99 21 42 37 96 82 22 36 47 47 17 58 89 34 86 48 22 51 41 73 60 17 99 23 49 48 40 88 13 27 67 22 73 76 57 38 34 41 42 88 23 37 95 46 108 60 28 21 66 34 85 35 23 77 60 96 84 76 75 88 107 94 76 33 60 48 18 97 93 13 89 89 67 61 98 39 69 35 95 13 113 42 42 79 56 28 35 43 21 55 82 31 107 25 41 110 42 25 47 23 46 78 75 19 76 31 9 52 16 71 89 83 73 88 74 72 26 73 36 43 70 66 25 71 6 56 86 45 43 8 30 77 35 84 73 72 86 91 15 76 92 70 16 42 42 81 70 32 64 71 98 87 80 79 51 75 101 97 16 49 112 11 56 77 61 34 101 56 23 56 46 54 85 109 100 35 19 19 59 71 64 28 56 56 84 75 92 
62 86 64 12 10 87 10 86 27 16 89 44 21 53 93 16 85 5 24 78 63 75 6 14 87 26 19 93 29 77 88 14 92 79 21 15 87 28 21 84 14 47 60 85 96 94 47 32 97 40 80 12 49 67 7 7 36 25 96 10 60 100 24 79 28 45 100 29 89 11 26 11 65 26 1 69 99 85 98 22 63 67 93 81 57 63 83 27 30 24 80 62 69 15 12 77 69 78 18 28 51 1 71 76 20 88 9 80 43 24 13 93 39 40 22 59 53 63 100 56 15 70 64 84 47 2 87 40 26 90 75 82 68 37 40 32 29 90 68 1 99 80 97 98 88 32 8 13 61 43 57 22 44 29 23 6 47 17 20 44 18 18 54 59 95 29 50 82 51 10 47 11 1 92 87 38 85 40 79 10 66 49 89 98 81 91 17 55 80 87 16 13 72 17 25 23 45 58 51 72 
53 48 99 86 40 75 55 61 12 83 44 12 12 97 63 8 100 67 91 56 17 9 15 19 27 69 40 35 93 79 30 99 14 27 59 100 65 11 9 60 63 100 1 80 1 79 82 19 81 91 73 30 90 55 90 79 30 74 38 53 70 18 6 4 20 91 49 20 88 57 89 78 38 54 27 69 95 55 84 47 17 18 78 95 86 65 51 57 37 54 41 32 69 72 34 77 68 6 74 15 77 42 72 1 50 28 88 32 18 60 41 54 9 23 3 66 57 55 39 66 14 56 54 24 41 11 2 52 63 59 25 47 62 65 66 66 18 29 32 20 49 99 58 49 68 7 30 56 9 10 31 63 36 45 68 77 97 75 34 12 21 60 76 77 30 98 16 53 72 85 92 80 29 49 75 88 13 90 26 72 11 89 40 54 89 10 59 36 8 79 86 88 66 42 85 63 29 85 100 92 
53 44 85 56 58 59 68 75 73 15 41 21 90 19 10 91 66 62 86 45 2 7 52 55 32 57 96 57 66 41 32 58 8 78 13 88 96 51 44 59 86 45 10 5 33 4 22 72 70 33 92 41 69 17 57 36 62 80 35 12 7 55 59 73 96 81 61 15 60 17 49 37 2 68 54 24 85 17 90 45 15 78 7 63 57 37 62 2 9 10 15 74 78 84 63 7 84 68 1 70 30 23 59 51 77 91 76 73 53 2 64 1 22 72 42 41 73 68 61 69 35 65 32 89 65 61 59 76 49 76 87 86 42 4 87 93 78 45 64 46 100 78 27 80 22 14 94 7 86 83 85 2 10 86 67 99 10 89 98 43 77 63 58 90 93 70 79 1 80 80 92 32 51 33 95 69 58 24 45 87 21 26 97 11 17 37 83 41 19 42 66 18 64 11 37 8 39 100 16 57 
70 72 16 20 89 27 22 100 79 43 61 5 63 14 94 53 45 1 32 51 53 67 80 58 14 23 33 61 96 48 13 93 42 16 78 92 57 95 94 56 44 35 91 80 59 34 11 34 93 85 45 61 37 84 96 66 43 23 37 70 38 37 21 87 100 30 3 29 58 39 31 61 24 85 70 31 13 47 12 4 71 18 42 1 51 82 100 94 74 57 27 48 100 64 23 64 58 52 3 9 52 38 89 91 95 1 17 72 89 86 100 62 96 51 24 96 38 25 15 38 39 94 63 10 76 96 38 95 38 44 71 6 62 39 57 66 46 12 35 13 9 53 11 53 96 55 79 69 97 46 98 42 82 23 91 64 18 74 18 100 74 90 87 91 67 63 59 54 74 70 12 64 57 25 14 68 9 25 78 39 88 52 39 99 54 58 40 18 39 8 51 42 6 94 14 32 7 2 53 70 
86 47 19 27 75 49 13 47 80 76 75 24 32 21 65 45 16 32 26 74 11 83 57 36 86 83 99 95 80 20 32 75 98 38 13 7 65 45 48 76 65 47 12 37 7 2 36 67 39 1 45 32 65 54 95 39 74 7 75 42 47 52 23 77 34 60 34 100 86 4 91 86 30 97 13 88 51 19 44 95 3 42 81 90 90 48 52 57 40 35 58 30 24 7 88 32 29 52 8 2 60 89 50 58 48 8 85 84 61 64 20 9 97 56 2 42 38 65 55 45 64 61 49 17 88 64 22 42 28 74 45 7 66 36 67 17 5 83 22 30 95 2 26 34 20 63 58 78 17 75 62 1 33 98 33 53 77 75 55 56 84 8 37 2 42 51 19 38 92 48 3 26 69 73 59 42 80 7 87 85 97 21 66 72 45 84 81 89 85 64 52 70 59 59 63 75 87 14 15 39 
13 50 87 70 58 84 51 53 95 53 7 50 4 19 96 52 9 76 45 72 70 25 11 26 26 53 86 8 59 75 100 88 79 58 22 57 97 17 68 33 91 89 25 52 26 55 14 81 40 54 64 43 44 25 67 14 66 39 52 80 75 57 55 100 13 63 38 79 82 26 10 95 4 22 30 71 11 88 15 46 65 20 62 43 83 4 86 71 71 85 94 70 12 54 93 34 44 78 50 24 65 35 13 99 81 85 93 80 64 47 32 82 18 98 44 9 20 73 72 80 39 84 26 49 4 33 61 98 13 37 57 76 60 40 46 52 75 30 75 54 51 36 29 69 46 34 3 75 47 14 59 71 82 49 49 90 47 32 43 47 69 98 43 19 39 12 11 7 52 30 16 60 96 29 6 36 2 96 15 72 18 82 19 22 18 16 47 59 97 60 56 81 71 39 76 32 34 90 48 65 
85 84 44 64 85 71 98 57 49 72 38 26 42 4 57 56 75 42 89 20 66 1 49 50 88 59 8 90 37 86 29 74 57 9 70 28 59 80 72 53 61 74 20 62 93 78 13 44 91 7 28 34 29 8 10 48 97 82 77 67 99 86 59 27 61 45 88 14 24 47 31 95 19 35 87 2 99 74 60 4 14 11 2 61 17 7 59 18 84 52 2 31 28 45 81 66 98 55 79 76 40 33 13 96 16 11 54 64 50 34 6 1 99 78 32 53 23 95 49 47 47 34 91 50 95 92 70 80 80 21 7 68 30 72 89 19 53 77 18 63 97 73 96 46 14 52 26 64 98 42 69 73 91 16 33 87 29 26 35 2 27 52 20 40 74 68 65 73 40 34 62 10 46 77 4 97 32 1 73 41 53 89 42 77 32 9 1 3 17 19 21 15 69 73 52 40 14 100 82 15 
96 1 51 14 66 2 44 61 39 13 49 30 59 49 27 88 93 43 56 54 7 16 7 48 46 34 19 11 50 17 14 47 51 22 38 82 85 80 60 88 29 99 13 74 45 8 14 84 8 72 39 94 7 31 5 75 6 8 23 94 39 39 69 19 44 60 56 14 88 11 33 77 5 90 10 12 99 23 30 87 21 72 78 76 82 52 62 20 7 87 50 27 2 60 92 28 22 2 26 12 22 69 77 76 80 42 67 80 71 23 36 68 85 40 85 45 57 39 61 52 17 86 71 44 15 44 61 16 43 56 51 71 92 98 41 76 75 29 96 10 67 7 26 44 61 94 57 48 19 23 18 87 12 43 40 77 18 29 87 76 73 53 20 84 62 18 9 17 24 52 96 34 55 50 31 77 21 77 73 26 11 6 82 87 80 17 96 53 5 22 17 43 89 43 6 42 58 15 98 86 
65 28 46 76 62 95 13 80 45 50 99 16 37 64 40 64 15 88 63 99 33 4 32 2 76 2 65 31 62 52 59 16 51 1 13 62 73 59 71 10 24 99 84 55 61 44 9 73 22 59 49 36 19 28 48 84 28 24 40 34 17 60 81 87 39 33 47 11 33 29 38 70 57 30 61 75 5 64 44 19 15 55 46 83 36 17 14 67 50 27 56 34 26 46 83 27 100 10 83 42 47 68 80 13 53 71 49 5 50 15 33 52 19 22 31 56 19 68 13 76 55 51 23 6 50 84 20 8 12 40 39 67 78 5 98 37 30 74 50 70 39 59 97 69 67 28 65 68 61 49 65 82 67 56 36 26 10 24 82 53 62 52 17 98 51 45 28 86 15 9 51 94 71 31 94 15 100 65 92 28 17 99 23 4 17 27 74 65 86 86 93 29 48 97 7 44 48 64 41 53 
47 72 23 96 7 37 15 81 72 43 44 42 97 30 73 7 48 68 100 91 18 62 11 51 76 48 80 9 11 10 40 77 71 79 21 92 66 56 85 5 42 96 33 14 74 26 37 4 10 5 62 68 5 16 29 80 62 99 92 95 41 1 64 43 42 66 86 98 28 36 64 72 81 82 59 44 78 42 70 54 64 89 92 60 6 85 74 24 32 69 84 100 99 30 87 84 27 95 42 21 29 100 46 13 70 76 4 30 1 6 65 62 79 89 6 24 39 75 7 39 19 95 81 20 5 60 15 80 99 46 97 71 68 42 61 8 98 80 36 64 92 17 44 82 35 98 6 16 80 66 24 27 68 37 92 47 40 25 91 56 42 23 45 50 2 27 69 82 64 14 7 38 61 45 67 14 20 31 77 89 66 11 56 36 33 79 12 71 41 33 91 86 50 52 62 60 46 93 71 8 
75 21 51 39 76 34 28 3 33 23 88 92 94 32 66 64 76 25 18 78 8 63 26 90 25 79 11 99 77 49 95 4 49 67 90 53 65 98 54 45 80 34 93 71 18 24 53 51 69 100 73 50 97 65 40 35 80 74 38 61 30 77 10 37 13 40 29 60 15 25 7 78 78 42 31 71 54 56 52 89 94 53 24 67 26 62 13 34 34 28 73 38 99 28 15 20 3 47 56 38 74 72 85 91 53 51 24 29 75 65 29 14 42 54 2 7 72 49 59 50 21 53 32 19 37 30 46 13 65 20 46 64 47 71 17 17 41 83 79 84 15 64 86 8 13 94 23 43 70 91 25 88 78 85 13 88 58 77 71 23 53 12 55 8 99 23 70 38 87 85 88 69 67 33 61 3 16 87 87 44 15 28 95 4 56 79 1 28 35 39 94 3 32 96 27 41 57 3 42 81 
44 23 27 15 83 30 23 75 71 68 79 80 62 69 85 100 15 16 62 18 99 57 53 54 76 70 87 26 3 57 69 21 76 88 56 50 74 79 78 48 6 96 67 13 25 96 47 22 21 94 51 34 42 43 20 24 68 52 47 29 82 2 18 80 57 91 20 97 12 79 65 94 59 48 5 5 77 63 65 66 52 36 3 49 14 81 2 6 100 82 3 7 97 29 92 27 68 65 47 78 27 100 59 29 77 28 29 15 52 97 60 75 96 86 40 33 25 28 41 42 74 22 34 17 10 100 29 76 1 65 51 12 9 86 67 20 16 56 63 96 40 94 87 37 50 11 66 51 45 12 11 21 1 57 3 13 42 47 99 91 57 67 29 12 6 49 33 76 43 79 12 100 93 24 34 87 17 97 73 68 3 32 23 76 2 91 61 45 76 76 10 79 46 71 64 92 27 76 33 57 
32 63 68 77 23 28 25 9 15 56 35 44 86 61 20 90 7 53 39 59 51 65 100 98 89 98 23 59 41 24 78 67 68 96 4 72 99 21 16 32 67 17 9 35 43 42 81 91 55 92 55 100 67 63 46 50 15 90 56 20 73 23 15 59 46 90 81 26 51 86 99 32 7 36 40 97 80 91 20 55 95 80 10 9 83 91 55 85 61 11 97 77 12 75 24 32 68 76 42 80 68 81 2 32 78 87 54 80 63 95 83 5 84 9 91 23 19 42 72 100 77 47 68 29 2 53 18 32 48 10 16 69 98 34 84 3 34 68 64 32 18 14 53 9 91 97 67 77 52 80 75 37 19 8 72 73 50 2 48 51 8 66 15 26 49 48 40 62 35 97 65 97 30 79 45 84 93 78 94 2 19 43 74 89 54 22 97 1 19 40 96 30 78 43 37 82 88 93 1 71 
54 15 38 18 44 93 9 94 74 13 11 26 18 38 17 91 58 42 16 4 35 55 80 54 1 62 61 62 41 15 29 43 70 87 48 32 63 31 32 47 32 81 41 75 4 47 86 28 16 42 86 70 80 9 52 57 26 63 55 91 95 30 23 34 75 95 45 75 51 40 31 1 70 87 93 70 92 21 94 31 24 17 48 80 97 34 98 19 13 11 68 89 94 26 14 50 68 47 61 79 29 39 60 59 4 54 58 31 59 86 93 78 85 85 29 17 89 34 39 67 30 90 35 73 43 64 71 41 57 72 15 74 81 17 9 72 56 29 12 74 38 36 65 93 13 85 38 57 16 88 31 76 58 9 74 59 6 75 95 5 61 19 10 84 47 38 97 38 61 80 18 10 22 40 29 49 31 79 71 75 1 42 63 66 82 96 89 55 7 63 20 88 7 62 32 34 27 36 84 100 
60 98 20 50 65 38 39 64 71 49 6 42 24 17 58 5 100 3 68 72 27 5 17 82 33 93 52 42 83 18 59 51 6 94 49 1 80 41 81 3 75 2 7 27 23 5 75 7 19 3 81 13 9 47 91 26 84 30 26 26 32 61 48 27 59 2 18 64 36 33 77 79 94 63 21 94 99 71 7 35 55 91 86 80 55 9 79 5 17 9 94 98 55 15 10 14 90 79 25 41 67 70 83 50 88 82 80 5 10 50 80 96 33 82 23 72 25 83 56 51 96 91 80 70 89 2 41 44 79 2 55 29 63 78 89 23 27 29 1 20 73 50 57 45 87 17 18 85 39 32 29 45 97 57 93 47 32 16 69 95 16 71 73 20 72 57 20 51 91 96 85 93 66 51 33 86 62 56 79 10 77 91 39 13 2 11 25 35 40 22 56 93 99 6 32 8 5 79 34 33 
68 99 17 78 25 4 37 66 11 81 1 37 79 66 63 27 6 78 55 35 31 59 100 11 36 52 68 78 31 85 26 16 55 74 66 23 47 32 35 82 97 95 62 52 41 38 11 9 10 6 44 43 79 35 33 67 44 74 1 15 76 91 23 94 61 78 87 74 86 32 26 76 91 27 24 39 23 56 28 24 27 63 38 56 20 31 21 28 51 58 35 2 29 83 87 7 1 92 18 76 58 69 42 39 76 22 35 76 40 43 95 88 79 40 67 63 47 1 64 8 93 14 60 15 37 20 16 42 2 17 81 68 37 84 51 6 42 52 25 41 70 94 24 60 95 51 48 55 16 69 97 65 15 72 50 31 5 33 39 34 99 78 85 87 55 87 56 61 90 8 10 7 49 76 63 47 16 30 78 15 39 33 89 7 72 86 62 22 98 23 22 63 38 21 19 66 6 61 93 34 
29 4 91 45 71 25 96 6 91 34 42 28 88 62 44 87 29 29 39 56 43 66 65 57 71 12 61 37 43 60 32 3 78 75 51 23 90 53 39 36 80 41 8 70 96 95 100 6 59 98 7 98 23 6 1 92 64 41 70 27 76 11 79 91 66 79 60 3 22 42 43 87 51 51 27 19 53 45 29 11 45 13 77 13 81 63 100 88 88 19 90 60 76 12 74 69 30 95 72 48 39 45 94 53 80 87 38 47 11 97 38 98 81 11 45 59 21 25 64 15 26 80 52 57 75 35 89 55 18 24 22 15 74 88 11 76 56 93 60 24 79 6 68 6 66 57 90 93 6 55 30 88 70 79 68 37 62 20 34 13 86 89 34 60 19 69 50 45 74 35 100 17 27 2 95 24 14 34 77 67 56 86 70 68 20 93 36 14 85 82 51 56 100 35 14 34 26 58 99 95 
41 1 48 89 84 83 28 87 44 47 53 33 53 23 90 66 88 20 38 1 53 7 17 41 35 28 52 85 5 95 81 10 71 1 77 100 37 23 11 76 86 25 53 38 37 44 30 37 93 81 40 7 35 53 43 73 76 59 23 59 26 94 54 19 89 65 47 7 35 63 23 21 81 16 92 24 9 99 65 84 63 18 94 36 57 49 76 6 17 36 88 99 20 40 9 98 28 48 100 65 84 21 78 97 75 93 74 33 28 7 3 57 39 97 35 92 6 97 95 37 61 92 89 44 74 90 73 71 33 25 64 25 51 84 22 26 28 49 83 3 11 62 89 53 67 3 82 73 28 70 15 13 21 82 55 29 38 73 6 7 55 94 51 34 60 10 37 79 7 99 91 69 38 29 100 14 5 44 39 77 28 13 85 26 19 82 99 88 19 89 4 23 57 72 56 37 98 31 39 69 
89 79 51 61 46 45 48 33 19 52 94 96 71 45 89 17 87 90 17 51 84 13 95 84 9 2 61 75 9 51 79 62 60 50 4 7 31 18 79 45 86 77 21 20 81 53 43 71 66 25 91 45 59 87 43 99 93 47 31 88 96 44 41 67 15 92 72 34 49 29 76 35 92 93 77 36 42 98 99 22 5 30 87 92 31 28 48 28 99 90 14 10 22 57 45 40 60 7 64 63 17 29 52 34 30 96 2 28 96 15 45 50 65 68 54 14 44 24 40 73 27 39 44 74 11 9 45 86 8 20 71 13 8 43 58 19 5 3 23 77 45 6 1 82 15 24 27 27 3 37 87 87 84 21 40 8 43 90 27 55 84 78 71 100 58 68 78 17 30 55 50 60 52 49 23 93 32 7 25 47 73 97 90 67 90 89 3 39 61 63 15 44 21 49 24 37 59 70 30 97 
29 12 77 51 38 92 98 3 5 45 51 84 75 8 86 59 71 12 21 90 65 62 66 98 61 23 76 32 65 91 67 80 34 58 85 22 81 55 53 80 31 89 93 46 94 47 43 55 66 87 64 79 15 94 70 7 56 12 56 93 88 41 76 30 86 97 35 41 23 31 44 38 16 13 22 38 71 61 66 93 20 28 89 25 30 36 53 11 67 51 80 23 100 4 79 59 37 56 75 73 63 83 65 39 77 11 95 62 7 69 94 59 89 75 35 39 89 38 74 94 65 94 44 22 32 36 32 27 47 85 39 79 58 48 42 92 38 100 53 16 64 63 100 87 39 85 26 34 31 24 29 87 29 20 32 86 75 64 24 40 86 54 41 19 27 33 37 51 34 20 20 96 61 5 91 54 42 41 72 15 53 85 45 69 49 29 12 11 78 87 82 50 32 55 84 48 46 18 46 20 
407
417
416
418
401
410
402
379
384
415
402
404
427
403
393
386
421
406
400
428
43 58 39 8 7 59 7 47 14 13 64 27 17 40 56 12 63 3 14 47 36 51 3 9 47 14 12 72 19 41 65 10 55 56 15 12 44 14 12 47 7 31 38 60 70 50 26 21 51 31 45 9 34 49 4 4 28 18 50 6 41 75 15 45 17 28 60 20 60 7 19 8 46 15 1 51 58 55 65 15 39 42 66 43 42 37 57 15 20 15 62 34 50 8 6 59 39 44 13 19 38 1 39 47 16 51 6 60 25 16 10 58 27 29 11 47 28 49 55 33 11 51 51 45 29 1 51 25 14 50 53 65 50 19 24 17 21 51 40 1 74 50 49 67 56 25 5 7 38 29 41 11 33 20 16 3 36 13 11 23 13 13 39 45 50 21 39 45 29 5 29 6 1 52 49 30 46 21 42 6 37 38 63 63 47 58 13 37 48 62 8 10 56 11 19 16 32 33 36 39 
37 31 66 46 27 39 43 44 7 57 26 8 9 74 48 5 72 34 58 37 12 7 9 12 15 35 31 23 49 58 20 58 9 20 38 69 47 6 5 33 39 61 1 51 1 56 64 14 50 65 56 22 69 37 68 54 15 39 28 37 36 14 4 2 15 49 26 12 50 41 48 43 26 29 20 41 57 30 63 28 12 12 59 66 60 35 30 33 22 38 22 22 44 56 22 61 38 4 50 11 40 22 45 1 25 18 49 21 13 37 22 42 5 18 2 42 29 40 21 53 8 41 40 14 27 6 1 39 33 46 16 25 41 38 43 42 10 16 18 16 30 74 33 25 53 4 16 30 5 7 25 42 20 26 41 55 77 48 25 6 14 35 58 54 15 57 12 30 42 56 55 49 21 39 52 57 10 62 18 38 6 54 22 33 64 6 38 22 5 40 45 46 41 26 49 42 22 44 58 64 
30 27 58 34 34 31 38 47 57 8 21 12 54 10 8 62 44 35 54 25 1 4 27 37 26 31 75 31 48 24 26 37 6 41 7 54 76 33 29 33 64 23 7 4 19 2 13 55 38 22 63 32 41 12 43 29 45 55 22 7 5 40 30 48 64 60 42 10 32 12 26 22 1 44 41 14 61 10 65 26 8 42 5 40 45 25 40 2 5 6 8 54 40 59 39 4 58 44 1 39 23 17 46 30 57 54 48 54 39 1 36 1 13 46 23 21 55 38 34 36 23 50 21 62 49 41 35 40 39 51 46 66 27 3 69 54 55 35 36 27 64 43 18 62 12 7 51 5 59 60 50 1 5 53 36 53 7 52 71 26 53 41 33 66 72 38 49 1 63 53 69 25 27 17 67 39 29 18 24 52 11 19 59 7 9 24 59 33 15 21 42 10 44 6 25 5 29 53 12 37 
52 40 13 16 52 20 17 51 43 29 42 4 43 11 51 42 26 1 25 32 31 49 41 32 8 15 23 35 55 33 9 58 24 11 50 63 44 62 52 30 33 19 59 45 31 25 9 17 52 47 25 47 24 64 67 40 22 16 22 46 21 24 14 44 70 15 2 19 31 24 18 34 12 49 49 17 9 27 8 2 37 13 31 1 33 58 52 75 40 38 18 32 64 50 14 40 44 30 2 7 30 21 53 56 61 1 11 57 53 65 64 48 66 30 19 54 29 19 10 28 25 67 32 6 55 54 28 74 20 28 42 4 38 26 32 42 26 8 18 10 5 36 7 35 54 33 54 41 66 28 77 27 57 14 65 44 13 56 9 74 46 54 64 72 38 42 42 28 49 41 9 38 37 15 10 52 6 14 51 21 61 39 29 59 27 33 29 12 20 5 32 24 4 66 7 20 5 2 30 56 
62 30 10 21 52 26 8 31 63 57 57 15 16 11 44 27 11 25 20 39 6 60 34 28 47 62 76 64 55 12 22 52 70 20 10 5 39 35 33 57 39 36 7 22 5 1 20 43 24 1 33 17 41 39 62 27 45 4 39 26 32 42 13 48 24 38 24 80 58 3 48 47 15 59 10 48 41 10 23 55 2 30 48 63 58 24 28 37 21 27 43 21 16 6 66 21 19 38 5 1 46 66 35 33 36 5 62 52 45 42 14 5 71 42 1 22 20 34 41 35 43 41 36 13 69 36 12 23 20 46 24 5 34 28 52 12 3 51 14 23 72 2 13 19 15 45 30 42 11 41 31 1 19 52 19 33 51 49 39 44 53 4 21 1 21 28 15 30 70 33 2 18 42 43 41 26 58 5 62 60 60 11 37 36 32 61 56 69 46 33 31 38 36 44 40 50 61 10 9 22 
9 25 65 40 44 50 32 40 66 36 4 33 2 15 68 37 6 42 30 53 52 14 8 15 13 28 62 5 32 41 58 68 40 38 11 43 59 11 51 19 67 55 15 39 18 40 9 63 27 42 47 25 27 16 35 9 34 20 28 41 60 43 40 66 7 49 23 57 52 17 8 73 2 16 16 43 6 65 9 26 47 13 47 32 64 3 63 37 48 56 51 41 9 43 50 22 24 40 37 18 39 18 9 62 57 56 52 63 41 38 18 53 11 60 23 5 10 44 40 64 31 48 19 34 3 20 31 71 9 28 30 43 30 21 26 41 51 22 39 33 29 22 15 36 31 17 2 41 38 11 38 36 65 26 37 57 33 17 28 28 41 61 30 14 27 6 6 4 30 18 9 40 55 18 4 26 1 57 9 48 9 56 12 16 9 11 29 40 56 36 36 54 43 24 43 21 17 67 30 51 
44 53 26 48 60 40 66 30 30 41 25 15 32 2 44 36 48 23 53 10 40 1 36 35 49 33 6 55 20 44 19 40 34 5 42 21 43 43 47 31 42 56 12 35 57 46 10 30 59 4 15 20 18 5 5 36 49 49 43 48 79 59 35 15 43 27 52 9 14 27 23 53 11 27 61 1 59 37 40 3 7 7 1 38 11 5 47 13 46 38 1 24 19 23 61 50 60 29 57 38 27 18 10 50 8 8 40 44 34 18 4 1 68 40 17 41 13 70 38 33 34 24 72 35 56 58 54 42 55 13 4 46 18 42 67 13 42 48 13 40 54 42 52 36 10 28 20 49 66 24 45 39 61 8 19 66 19 18 26 1 18 30 13 21 56 42 34 43 21 26 41 6 29 53 3 59 22 1 43 28 30 55 30 50 21 6 1 2 9 14 12 9 48 53 36 23 10 54 65 9 
58 1 37 11 47 1 26 35 20 10 29 16 41 37 16 45 62 33 36 41 5 13 5 30 26 24 15 9 35 10 9 27 41 13 22 49 61 49 33 46 20 70 9 56 29 6 8 54 5 56 23 67 5 21 4 45 5 4 17 53 26 30 48 11 32 38 43 9 63 9 25 53 3 52 8 7 59 18 17 54 16 40 54 58 49 40 40 10 5 51 29 18 1 34 67 20 11 1 16 8 16 35 54 39 51 31 38 60 40 14 23 36 63 23 54 26 34 28 37 28 13 56 56 24 8 31 41 11 32 43 36 43 53 53 32 57 50 18 60 7 53 5 21 23 32 63 31 35 12 17 13 58 7 27 24 54 13 19 58 53 48 41 13 47 38 11 7 12 17 36 57 27 33 37 24 61 11 44 58 16 8 4 64 45 48 13 67 39 3 15 12 25 58 22 5 33 41 9 67 49 
45 18 33 40 38 69 7 61 31 34 50 9 28 48 31 35 9 55 38 54 19 3 22 1 43 1 48 18 32 40 38 10 27 1 9 45 41 40 43 8 12 61 64 35 38 22 6 58 16 39 28 19 12 16 26 60 14 13 30 20 11 44 48 63 22 25 36 6 25 17 19 51 45 18 47 58 3 41 32 14 11 28 24 59 18 9 8 41 32 15 28 25 13 25 44 14 64 8 54 26 32 42 48 10 28 54 36 4 37 12 25 39 12 12 25 32 14 45 9 57 42 26 15 3 35 46 11 4 9 26 30 47 47 3 65 29 21 49 39 38 26 34 59 38 38 15 40 54 40 25 34 42 42 29 25 14 7 13 51 30 39 40 10 66 37 32 19 53 11 5 33 48 52 23 67 8 67 50 70 17 10 57 16 2 12 14 49 44 60 59 53 21 37 77 6 22 38 49 31 40 
33 54 15 58 5 28 8 50 49 33 35 28 66 23 44 4 37 46 71 70 13 31 9 29 43 35 60 7 7 6 28 53 49 58 13 69 43 37 43 3 29 57 22 7 42 15 27 2 8 4 49 50 3 12 23 56 36 62 49 66 31 1 36 27 23 33 57 63 18 20 47 54 46 59 39 31 47 23 37 31 40 65 70 46 5 58 58 19 17 52 66 74 66 21 69 44 20 53 34 16 18 64 29 7 41 50 2 20 1 5 46 32 48 70 4 12 27 48 6 22 15 76 54 15 4 30 8 60 60 26 51 52 44 24 43 4 52 61 28 42 59 10 31 60 20 73 4 10 56 39 18 15 38 26 56 29 24 14 51 45 25 13 28 25 1 17 54 47 43 7 5 22 47 29 50 7 13 16 48 52 52 6 42 19 23 54 7 50 25 18 70 47 32 37 39 34 30 56 37 5 
49 14 27 21 46 26 19 2 21 18 69 52 69 21 35 44 50 19 13 44 6 40 19 71 16 43 7 63 57 28 64 3 29 41 68 35 51 64 35 34 44 19 69 56 14 17 27 27 39 75 52 26 53 45 31 27 62 51 28 41 17 53 7 22 7 20 20 35 9 16 4 59 62 28 20 40 39 35 39 53 50 27 12 36 19 38 7 24 18 17 45 28 74 15 9 13 2 29 43 30 43 54 59 68 32 34 17 20 59 43 15 11 27 40 2 5 38 28 38 35 17 34 25 11 28 15 29 8 33 15 27 47 34 48 9 11 31 56 56 62 10 33 54 5 9 58 13 32 48 61 13 66 51 45 9 68 41 53 50 13 29 7 39 4 66 17 41 27 44 64 47 44 49 23 32 2 11 46 46 33 8 15 56 2 31 60 1 21 24 23 50 2 18 60 19 25 43 2 30 47 
35 15 22 10 48 18 14 54 47 53 52 47 31 46 46 61 11 12 46 13 53 36 32 41 52 36 56 14 2 45 41 14 41 45 31 32 55 53 60 30 3 68 44 8 15 51 28 12 11 67 40 19 22 29 15 17 36 32 34 23 46 1 11 42 36 71 12 66 9 40 33 68 38 36 4 3 52 47 51 36 35 24 2 35 9 42 2 3 50 60 2 4 49 15 64 16 35 47 36 54 18 58 32 22 52 16 19 10 34 60 35 51 63 66 32 25 16 20 29 29 48 14 17 13 6 51 18 48 1 45 37 6 5 68 53 14 10 41 33 65 26 50 51 23 26 7 39 27 33 8 8 15 1 36 2 9 24 28 64 61 44 53 22 6 5 34 19 42 30 53 8 78 61 14 22 52 11 74 47 40 2 19 17 52 1 70 33 25 46 40 6 51 36 47 44 49 16 56 26 42 
20 36 40 53 17 16 14 5 11 35 20 32 64 43 12 57 4 36 21 37 26 45 62 73 57 63 18 32 28 12 45 35 38 59 3 47 55 13 10 23 52 9 5 23 25 26 51 58 38 73 30 69 47 49 33 39 9 49 30 14 56 14 10 41 34 66 54 13 39 50 73 24 4 21 31 58 58 66 15 36 71 45 5 6 48 67 39 52 43 7 49 58 9 48 13 21 54 56 33 57 42 62 1 17 44 58 30 42 36 71 60 4 49 7 64 18 12 28 42 56 46 26 45 22 1 31 11 22 24 6 12 47 55 26 65 2 26 50 51 22 10 10 31 5 53 54 37 48 40 54 44 27 14 5 51 50 34 1 26 35 5 46 10 16 33 27 24 35 25 75 38 51 20 45 27 67 62 54 58 1 15 23 52 71 35 17 60 1 11 25 54 18 59 23 21 42 61 49 1 38 
40 8 29 12 25 53 6 72 47 9 7 14 11 29 13 53 32 33 11 3 18 34 44 41 1 49 38 44 21 10 16 23 47 61 31 18 47 18 21 34 20 49 25 38 2 24 60 18 12 23 48 38 56 6 28 29 14 35 35 46 73 22 16 26 57 73 26 43 26 21 22 1 37 47 56 52 50 15 55 19 14 9 31 49 59 23 73 10 9 8 46 63 60 18 10 39 36 36 37 63 18 24 36 36 3 39 43 19 43 57 58 40 55 60 16 12 58 17 31 42 17 70 22 54 31 39 54 29 41 43 11 50 65 12 6 56 30 15 7 55 22 22 41 61 7 53 20 45 9 61 22 53 31 5 43 38 3 43 61 4 40 13 6 63 26 22 65 23 45 49 11 7 15 32 17 34 18 44 54 40 1 29 47 42 58 55 51 36 5 47 11 67 5 42 25 24 21 25 56 79 
33 66 16 30 40 29 25 42 43 32 4 22 14 12 45 4 72 2 40 42 19 3 10 64 25 74 37 25 60 12 41 33 4 57 28 1 48 24 65 2 48 1 4 19 17 3 42 5 10 2 54 9 6 26 63 13 48 22 16 18 23 38 26 16 31 1 11 43 26 20 47 46 72 32 11 47 77 38 4 22 43 55 65 51 36 5 46 3 10 6 67 53 40 9 5 10 72 46 14 22 39 55 65 26 49 42 53 3 6 26 51 66 18 54 18 49 14 48 40 39 54 64 57 36 63 1 31 25 41 1 43 15 49 45 55 16 16 18 1 14 42 40 38 28 45 9 9 52 31 25 15 28 53 41 53 37 18 10 50 60 11 43 37 15 49 41 11 40 59 54 55 61 36 29 26 57 34 42 52 6 43 55 27 8 1 8 14 26 30 17 38 74 73 4 25 6 4 61 25 19 
51 75 10 40 16 2 22 48 8 57 1 22 61 33 47 16 4 50 31 24 24 36 65 6 25 27 35 51 16 66 15 9 29 45 39 14 26 20 19 58 55 50 34 35 23 23 7 6 7 4 34 22 55 19 22 38 31 39 1 9 40 47 18 59 39 49 66 39 62 18 20 47 61 16 19 31 16 41 15 19 15 35 30 43 11 23 15 17 33 33 24 1 21 50 46 4 1 72 11 45 42 38 23 22 56 16 28 39 30 22 48 51 61 31 44 38 30 1 33 5 68 9 34 10 23 13 10 25 1 9 56 44 29 53 27 3 27 26 18 30 37 59 18 33 58 39 38 33 9 35 71 34 10 46 40 24 4 24 21 20 50 41 65 56 43 44 40 39 55 6 7 5 31 55 49 33 12 15 60 9 29 22 63 4 37 44 45 14 77 14 17 47 26 11 12 39 4 33 63 21 
22 3 64 30 42 17 61 3 67 25 32 16 58 33 22 68 21 19 31 34 31 33 41 35 56 7 39 20 29 30 20 2 43 49 32 14 55 34 26 28 61 32 5 40 66 50 63 4 38 77 4 59 15 4 1 50 35 33 55 19 45 8 56 48 46 49 37 2 14 25 30 61 37 27 17 15 27 24 20 7 24 10 49 7 62 47 73 57 64 14 48 32 45 7 42 53 23 64 42 25 23 23 62 39 57 61 21 26 9 61 20 52 59 9 23 32 16 18 43 10 18 64 33 34 53 22 46 35 12 16 16 9 52 68 8 51 29 74 34 13 43 4 51 5 37 34 70 50 3 38 20 53 38 57 44 26 45 14 21 10 60 55 21 48 10 49 37 25 41 25 66 10 20 1 50 14 9 19 56 34 38 59 55 37 13 74 22 10 43 49 40 39 69 21 9 26 18 43 65 65 
25 1 29 65 67 65 14 44 31 34 30 23 35 15 56 39 69 15 30 1 42 5 13 32 28 15 31 61 3 53 42 7 40 1 43 71 26 15 8 57 45 19 40 20 28 34 23 24 48 49 31 4 28 37 27 41 60 43 12 32 17 49 29 10 64 42 32 4 23 32 14 11 52 12 67 18 5 70 33 44 39 14 52 22 45 34 55 3 11 22 58 53 10 25 7 61 17 38 68 51 50 12 42 71 54 62 58 21 15 4 2 39 29 62 22 51 4 56 55 27 44 66 60 24 53 63 51 50 21 20 34 20 31 62 12 18 19 28 56 2 8 46 58 39 36 2 55 46 18 39 9 9 14 47 28 18 29 39 5 4 33 48 36 24 33 7 24 47 4 63 64 41 22 22 55 10 4 26 24 39 18 7 51 14 13 53 54 55 11 55 2 13 41 50 31 21 63 20 23 41 
46 49 30 37 36 35 31 19 15 39 61 71 55 27 60 12 48 54 12 39 60 7 70 46 5 2 44 57 6 26 41 40 36 32 3 4 16 12 54 28 43 61 15 13 53 38 32 52 43 19 51 26 46 60 25 66 47 26 23 48 57 34 29 51 11 70 43 19 39 21 53 21 64 48 56 20 32 63 68 15 3 19 44 71 23 15 35 22 60 51 9 8 13 42 27 28 44 5 34 40 13 15 35 21 15 60 1 20 53 10 24 31 48 50 43 10 23 16 21 53 16 22 35 43 6 7 31 54 5 16 43 9 4 28 39 11 3 2 14 56 33 3 1 44 8 17 21 16 2 27 69 57 43 16 29 5 34 65 18 38 55 60 39 61 40 52 39 13 19 32 26 36 34 30 14 66 20 6 16 35 37 64 72 53 46 48 2 20 33 47 11 34 14 26 17 20 32 54 21 70 
23 8 45 30 28 70 71 2 3 27 26 64 49 4 68 32 38 8 15 50 42 34 44 58 38 16 44 24 43 69 50 63 20 45 46 17 41 39 35 54 21 66 68 27 70 27 22 32 47 66 35 43 10 47 51 5 44 9 39 71 70 26 52 16 44 72 25 25 16 22 30 23 10 9 16 25 55 32 50 71 15 17 50 15 23 21 32 7 48 28 57 17 60 2 49 43 19 30 43 44 39 54 45 28 51 8 54 37 5 54 74 42 69 48 22 27 51 30 57 73 47 55 25 12 20 22 21 20 36 49 28 51 36 33 27 64 27 71 36 8 46 33 61 45 23 62 17 20 24 17 22 55 15 12 18 45 42 44 13 30 64 40 29 11 19 26 27 37 23 11 12 53 46 3 46 40 33 30 54 9 37 52 30 51 33 15 8 8 43 69 44 34 25 37 65 30 34 11 31 12 
90 111 90 16 13 118 15 117 40 24 110 57 26 72 122 21 126 7 35 113 90 96 8 20 124 38 28 128 38 99 129 19 126 112 30 20 125 39 26 111 19 58 83 103 125 138 65 41 128 51 103 17 62 84 10 9 48 33 131 14 76 137 30 107 41 65 141 41 118 14 36 15 81 33 2 102 123 124 132 27 83 82 116 102 75 78 116 37 44 30 112 80 90 22 16 110 90 101 24 41 76 2 88 95 27 123 11 107 57 31 16 122 52 55 30 79 69 79 128 75 22 105 77 103 68 3 112 57 38 120 108 99 85 48 53 41 37 113 84 2 139 116 139 144 115 40 12 16 87 54 84 30 54 38 28 9 64 22 29 55 25 23 66 85 138 38 73 111 70 14 66 16 2 132 122 50 125 51 104 13 96 67 113 126 119 135 24 78 110 129 20 19 104 21 34 34 54 74 67 87 
77 62 143 121 48 107 73 86 18 120 61 16 17 145 81 11 129 92 136 74 25 13 19 24 40 90 59 46 114 98 43 141 19 33 86 144 87 14 12 80 86 132 2 114 2 100 123 26 113 130 92 44 115 79 110 114 43 101 49 74 100 23 8 6 25 116 69 28 127 78 118 112 48 76 33 100 135 70 102 58 21 23 104 123 116 93 74 70 46 71 55 44 97 98 41 97 96 9 93 21 105 54 105 2 69 41 123 41 23 72 56 81 13 31 4 93 77 79 52 97 20 72 72 29 55 16 3 66 76 76 32 70 91 88 94 97 27 38 45 27 63 133 80 72 96 9 44 81 13 14 45 78 44 58 89 107 117 103 43 15 26 80 111 114 43 138 20 64 93 103 133 108 41 70 112 113 18 131 37 87 14 126 59 77 117 14 75 48 11 101 104 121 99 60 127 94 42 113 148 129 
70 63 103 69 73 80 96 97 92 20 52 30 109 25 15 123 97 79 123 55 3 10 63 67 40 83 129 74 85 60 43 76 10 103 17 130 124 64 64 72 112 60 14 7 42 5 32 92 102 49 134 52 89 23 74 49 81 104 48 16 10 75 78 104 134 118 91 20 79 22 70 50 3 89 66 29 110 22 125 58 20 113 9 84 83 49 84 3 12 15 20 99 99 111 89 10 126 85 2 89 40 30 72 65 97 121 108 104 69 2 88 2 30 100 55 52 95 84 84 100 50 81 41 112 79 88 83 92 73 109 123 128 58 5 126 135 103 59 88 62 123 114 36 101 30 19 121 9 103 111 102 2 13 117 85 126 15 116 121 60 105 85 87 125 128 86 112 2 112 115 129 43 74 44 142 100 71 31 58 113 28 38 138 16 25 49 109 51 25 56 82 26 80 16 48 12 50 134 20 82 
86 97 23 29 115 36 28 127 109 55 86 7 91 20 125 79 55 2 40 67 70 83 97 73 18 32 48 78 141 69 16 118 62 23 105 111 74 133 116 73 59 44 111 99 78 51 15 48 117 113 56 81 55 111 120 90 64 28 54 98 55 49 29 124 121 36 4 41 75 56 45 89 34 111 95 42 17 66 16 5 90 23 55 2 72 114 150 131 101 85 35 65 123 93 28 95 82 77 4 11 66 56 127 117 116 2 22 89 127 125 146 88 122 62 33 119 48 34 20 57 51 125 79 14 94 128 55 118 51 64 97 8 89 48 74 96 58 17 44 19 12 77 16 70 140 81 101 87 119 56 118 57 113 28 115 80 24 91 22 131 100 113 114 116 95 83 80 67 94 86 17 95 78 35 18 94 13 31 101 57 113 78 57 141 75 85 53 22 49 11 66 60 9 126 19 43 10 3 71 99 
118 61 27 36 96 64 18 68 100 94 92 35 45 28 80 66 19 40 33 99 16 104 70 43 121 112 120 133 99 25 44 105 131 56 17 10 97 64 61 102 86 60 17 47 9 3 49 89 49 2 63 45 94 78 136 50 104 10 109 57 69 77 28 107 49 80 44 136 103 5 132 117 44 145 17 112 70 25 53 125 4 53 114 112 115 62 74 79 55 47 85 41 35 9 127 38 37 64 11 2 73 117 73 83 64 12 105 106 73 87 25 12 120 70 3 52 52 80 76 59 81 78 64 23 115 81 32 62 38 99 55 10 81 46 92 22 7 104 32 37 132 3 38 48 25 80 83 106 21 95 79 2 42 128 41 79 109 93 66 67 105 11 46 3 59 61 25 56 122 69 4 36 85 88 76 51 116 10 114 123 135 25 81 87 66 106 101 127 105 91 74 91 86 75 93 102 121 20 22 57 
19 71 108 96 81 116 75 76 121 72 10 61 5 26 131 75 13 106 59 92 88 31 15 34 38 71 120 11 76 108 145 122 110 78 31 84 143 22 93 42 120 111 36 65 36 78 20 120 56 74 84 63 64 30 87 18 90 57 77 117 106 78 68 149 18 80 53 100 102 38 12 126 6 30 42 87 13 108 22 59 79 28 92 55 114 5 129 106 106 106 114 105 18 75 128 42 65 95 70 35 81 49 17 130 100 107 136 102 89 69 43 112 22 130 64 12 27 91 90 103 56 110 39 61 6 47 85 121 16 46 72 113 80 57 63 69 92 42 105 75 67 46 42 89 57 50 4 104 61 19 78 88 111 63 62 128 69 46 52 69 87 136 64 24 55 17 16 9 65 44 22 74 116 41 8 47 2 142 20 100 25 112 25 30 22 22 60 73 142 78 73 98 99 51 106 43 42 127 60 79 
115 112 54 80 117 98 135 69 73 89 53 36 55 6 72 74 109 54 110 28 85 2 59 64 113 83 10 130 53 111 43 105 85 12 93 38 84 102 98 64 84 93 27 91 137 103 18 62 113 10 36 48 37 10 15 67 128 123 94 89 134 123 78 37 85 54 131 19 33 60 42 121 28 52 112 3 134 97 75 5 20 14 2 91 25 9 76 26 112 74 3 39 36 60 113 82 133 67 97 96 55 49 17 118 23 14 78 86 72 44 8 2 123 104 47 64 29 142 71 62 60 42 132 75 119 127 102 118 99 28 9 93 38 100 120 24 79 98 27 80 117 99 124 68 19 76 32 79 141 62 90 105 125 21 47 122 37 36 52 3 39 78 26 52 93 98 87 108 51 48 82 13 68 112 5 129 43 2 97 51 65 133 60 107 40 13 2 4 22 24 28 19 99 106 76 51 19 145 110 21 
126 2 74 20 84 3 55 89 54 19 61 36 77 63 39 131 133 57 72 76 9 24 10 62 61 45 27 13 69 21 17 65 76 31 48 107 111 108 77 124 35 127 17 91 67 10 19 116 11 105 48 131 9 44 7 95 8 12 34 140 56 54 99 25 60 89 76 20 127 15 49 96 6 116 15 17 139 29 38 121 28 98 96 101 121 75 90 24 10 129 71 34 2 89 127 38 28 3 32 16 27 84 115 100 112 54 97 114 93 29 44 99 106 51 124 63 77 50 77 78 23 126 98 56 19 58 91 23 53 83 76 90 124 127 53 110 105 39 141 14 96 10 33 65 91 114 82 71 28 30 23 124 17 53 57 100 25 35 116 104 98 69 27 118 81 26 12 21 35 68 122 51 78 62 45 98 31 94 100 36 16 9 101 108 104 22 121 65 7 30 22 53 121 59 9 59 83 22 140 122 
87 35 67 111 83 114 18 104 59 62 129 21 51 79 56 85 20 116 77 147 41 5 40 3 108 3 84 39 81 64 71 22 63 2 17 77 93 86 95 12 34 145 117 69 89 54 12 100 32 78 60 45 23 37 63 107 40 34 50 42 24 77 106 118 55 48 65 14 41 43 46 92 79 37 85 96 6 93 53 25 20 78 66 112 53 25 21 98 65 35 77 42 33 58 100 35 130 13 114 55 68 85 115 16 70 104 60 6 70 21 45 64 26 29 43 79 24 83 16 110 72 72 29 8 69 113 26 10 17 54 54 97 110 6 120 47 40 107 67 84 57 73 142 98 97 41 93 89 76 72 92 109 81 74 49 38 15 29 116 75 79 64 22 124 76 65 40 103 21 12 68 129 102 39 114 21 141 84 130 41 24 125 29 6 21 33 101 97 128 113 134 36 70 125 10 62 70 93 61 66 
60 100 34 131 9 54 18 111 92 53 60 54 122 37 101 9 66 93 130 135 25 90 14 62 114 65 119 12 15 13 48 95 88 112 26 137 90 69 120 7 62 118 44 20 91 32 53 6 12 7 92 84 7 21 42 101 87 143 124 130 52 2 79 59 54 84 118 137 36 45 85 106 112 109 87 63 113 57 96 70 80 128 123 90 7 106 91 32 45 83 119 145 134 37 112 111 34 129 59 29 43 147 64 19 102 110 5 42 2 8 88 78 103 124 7 31 54 109 10 55 24 116 118 25 7 86 18 116 122 69 125 98 84 54 85 11 134 106 46 87 118 22 62 110 52 126 8 24 119 94 32 35 96 45 132 60 55 36 118 70 61 33 63 71 2 34 88 111 93 17 10 52 80 59 99 18 27 38 102 118 98 16 76 50 45 104 18 96 51 40 120 119 66 74 93 73 62 121 99 10 
105 27 74 56 93 46 42 4 44 29 124 136 120 44 79 96 92 35 23 99 10 88 35 121 32 98 15 130 115 60 133 6 66 94 130 69 84 130 69 61 110 46 114 88 25 33 72 73 94 131 108 69 129 92 53 50 107 108 56 83 38 95 13 45 17 49 39 87 19 32 9 107 109 56 42 103 67 70 65 129 127 79 33 97 38 92 17 44 49 36 105 47 141 37 19 25 4 58 72 50 91 95 113 114 67 68 32 36 106 83 39 20 53 67 3 9 90 69 79 75 29 66 43 28 45 43 60 18 79 26 55 91 68 89 21 21 61 102 106 120 22 79 127 10 18 133 32 54 102 121 35 124 108 114 16 118 78 110 95 33 67 16 70 11 142 29 86 57 105 121 130 101 87 42 80 4 22 115 111 65 19 42 142 5 76 98 2 35 45 57 120 4 39 138 36 61 78 4 63 118 
56 32 34 22 116 40 29 95 94 101 115 111 86 101 114 132 19 22 90 25 129 84 64 71 93 96 124 36 4 76 84 25 98 131 74 71 94 110 95 72 9 143 85 16 35 122 58 30 26 133 61 47 60 56 30 34 87 73 59 36 104 3 23 100 83 131 29 134 16 118 84 120 85 71 6 6 99 91 91 84 65 49 4 70 19 98 3 8 145 109 4 10 134 39 122 39 101 86 70 107 37 134 80 39 96 41 38 19 71 137 74 95 140 104 55 49 34 35 59 56 101 33 49 25 13 147 36 107 2 82 68 15 13 107 95 24 20 84 77 127 51 130 130 53 67 14 96 75 55 18 14 30 2 72 4 18 61 67 144 129 83 90 41 17 7 73 44 107 57 118 15 144 122 30 49 108 22 117 100 101 4 39 34 97 3 120 86 55 109 103 13 97 56 87 95 128 37 106 48 70 
39 77 96 106 29 36 35 12 18 80 48 60 104 86 27 110 10 67 52 85 69 85 122 127 110 132 28 88 52 31 115 83 85 119 6 87 130 30 23 43 83 23 12 51 57 53 104 116 67 119 76 140 91 76 55 71 21 109 82 25 91 31 21 82 69 133 110 37 70 104 134 43 9 48 56 127 105 131 26 78 114 113 14 11 110 129 77 106 79 14 130 107 17 112 36 45 100 113 55 111 85 108 3 43 111 112 66 108 92 133 107 6 120 12 132 30 24 55 94 136 101 57 91 39 3 78 25 43 61 13 22 89 134 46 111 4 45 84 81 39 23 19 73 12 111 122 93 101 72 101 109 45 25 10 96 89 75 3 70 76 10 90 22 33 72 70 55 85 51 121 96 130 36 115 62 120 125 114 115 3 27 60 99 132 81 31 124 2 24 59 143 36 111 53 47 122 115 116 2 102 
68 20 56 27 62 117 13 131 105 19 13 39 27 55 21 131 75 52 20 5 48 76 103 77 2 90 86 79 61 21 41 57 93 109 62 47 85 46 45 69 44 99 49 106 5 69 122 36 21 52 112 101 119 13 73 74 38 81 82 112 130 42 33 49 98 135 54 111 66 55 43 2 86 122 125 96 119 27 119 39 34 25 67 115 122 50 121 27 18 16 86 118 122 34 21 63 90 57 77 110 39 48 80 85 6 75 79 43 88 112 123 113 109 120 41 25 112 49 58 96 37 134 49 107 61 95 97 54 72 87 19 93 98 24 12 89 80 43 16 95 48 48 81 120 16 116 51 72 20 129 46 100 70 13 92 80 7 104 137 6 78 26 14 109 64 48 137 55 86 105 25 15 32 59 43 64 43 117 97 107 2 63 79 94 105 132 130 77 8 92 30 117 9 86 45 42 33 46 114 121 
75 125 26 63 81 48 48 93 104 64 9 53 35 24 80 6 136 4 84 103 33 6 23 120 44 121 66 55 120 23 85 68 8 123 73 2 115 50 112 4 97 3 9 33 33 7 92 9 27 4 97 19 12 57 120 33 118 43 38 38 47 76 62 38 81 3 23 94 45 48 112 116 137 93 27 121 142 97 10 51 81 114 108 118 82 11 102 7 21 12 122 141 82 20 15 21 114 115 32 56 91 86 113 63 112 117 112 7 13 64 116 133 46 108 34 107 32 116 75 74 120 111 116 95 127 2 55 63 102 3 66 42 77 117 121 29 40 43 2 27 108 68 76 58 124 23 25 121 52 40 39 56 138 84 113 68 48 23 89 142 22 96 94 27 102 84 24 63 126 120 110 113 82 69 44 119 78 67 118 12 94 115 58 19 3 13 34 51 56 26 80 134 131 9 39 11 6 97 46 40 
86 133 22 105 36 6 48 85 16 102 2 48 110 83 92 36 8 112 71 49 46 87 144 14 51 75 101 116 39 111 33 23 75 101 82 33 66 47 49 116 117 127 83 64 59 54 16 13 14 7 56 58 98 46 46 83 57 96 2 20 104 128 34 140 74 107 110 97 107 39 31 109 120 40 34 55 32 83 35 32 38 82 50 74 27 39 29 36 63 70 47 3 40 113 129 10 2 119 25 105 84 101 59 48 102 30 51 104 48 61 135 122 95 59 92 93 66 2 88 11 124 19 78 19 51 30 21 58 3 24 105 83 49 120 68 9 62 77 31 60 93 113 36 80 126 75 59 75 21 89 135 96 19 93 68 43 6 48 48 50 126 100 116 108 70 120 69 81 115 11 14 9 60 113 91 58 24 41 116 22 54 47 132 9 99 118 90 32 120 31 28 80 46 31 27 90 8 81 127 48 
42 5 126 64 88 35 140 8 136 50 62 39 121 86 60 110 37 39 55 72 54 82 87 81 98 17 84 45 55 89 39 4 110 91 66 33 119 78 48 47 112 57 12 95 133 142 140 7 73 141 10 126 34 9 2 123 80 59 85 33 107 15 95 116 95 111 73 4 28 52 61 107 73 66 38 25 68 55 40 14 55 18 108 18 120 81 141 119 125 24 125 80 99 18 95 89 42 121 94 63 48 57 135 70 113 130 50 67 16 129 50 121 113 15 63 88 28 36 93 19 32 111 76 83 90 42 123 71 26 35 26 20 97 112 14 108 69 137 83 35 96 9 96 7 86 76 112 128 8 70 37 127 105 110 97 45 90 24 41 19 117 127 47 82 27 94 73 66 103 47 125 24 36 3 131 34 20 45 99 86 77 103 99 91 28 122 45 20 105 101 73 80 149 49 18 46 33 80 121 129 
51 2 69 132 115 110 41 114 62 66 68 44 67 32 110 95 131 28 50 2 75 9 21 56 46 36 70 116 6 115 112 12 95 2 93 120 55 29 13 100 122 31 76 55 46 63 39 47 120 111 51 9 50 77 52 95 94 80 28 86 32 123 68 23 110 86 64 8 51 85 31 27 108 21 136 32 12 135 93 114 91 22 125 49 83 71 100 8 22 48 114 133 27 50 13 122 41 68 122 83 117 28 101 136 100 124 106 48 39 9 4 71 48 125 42 128 9 143 135 52 82 128 119 56 91 123 99 91 45 32 81 33 76 106 29 38 38 65 101 4 14 80 131 71 82 4 122 96 37 93 19 19 28 101 67 42 55 109 9 9 79 114 66 46 87 12 52 113 10 132 122 98 52 40 121 21 7 53 54 94 35 18 127 37 28 119 139 127 25 133 6 32 70 100 70 47 138 40 58 89 
123 101 76 86 65 62 69 48 27 73 121 133 93 57 107 25 121 125 24 65 111 19 122 125 13 3 88 92 13 68 98 91 82 62 5 9 40 22 110 63 113 94 29 25 114 68 52 89 94 37 132 60 71 125 59 126 112 65 43 112 121 65 51 92 19 115 100 49 72 42 113 47 113 114 106 51 61 140 134 30 7 39 126 121 42 38 67 40 147 134 18 12 27 81 61 52 73 9 83 83 23 36 65 43 39 135 3 34 125 20 60 74 85 96 75 20 57 35 53 91 39 58 55 96 15 11 58 105 12 29 100 16 11 60 81 28 7 4 32 104 65 8 2 122 20 32 33 37 4 46 116 106 124 28 58 10 56 112 36 72 106 97 86 139 82 89 112 21 38 81 66 72 70 72 28 125 48 9 36 62 106 133 130 100 118 123 4 58 75 81 22 59 29 59 31 45 73 103 38 131 
37 15 98 67 47 123 129 4 7 64 62 109 106 10 129 74 95 17 30 132 90 87 90 145 91 31 112 41 97 124 80 110 46 70 108 29 114 80 64 103 39 124 122 68 123 60 59 68 81 128 83 111 22 115 86 9 79 18 78 129 117 56 92 41 109 139 50 50 28 40 58 54 22 18 27 49 98 87 81 119 28 36 132 31 40 47 78 14 93 74 112 33 138 6 100 74 48 71 106 90 79 120 83 53 104 15 130 81 10 99 140 77 114 108 48 58 109 53 93 132 91 131 60 33 42 53 41 37 60 103 51 104 86 70 52 133 54 146 70 23 81 88 126 124 54 122 32 47 45 35 39 120 41 29 43 128 109 77 32 55 121 72 61 26 40 42 52 71 45 26 25 137 74 7 127 71 53 58 104 19 79 122 56 97 63 38 15 15 115 125 113 66 46 82 108 69 62 27 68 30 
