20 200
50 17 48 41 28 43 16 23 28 32 22 20 39 25 22 37 35 36 37 19 22 41 16 18 34 19 34 36 23 12 12 16 32 19 34 42 24 48 20 29 44 21 14 25 42 10 30 46 38 26 42 26 39 36 13 40 14 30 17 14 46 14 15 43 15 34 40 31 28 14 24 46 36 15 20 11 35 36 14 17 26 11 37 48 12 25 10 45 29 38 17 34 29 16 36 16 11 40 47 40 38 18 44 35 35 45 37 29 48 22 23 48 39 21 24 18 38 45 37 49 36 23 33 28 41 40 33 27 46 37 40 32 44 13 40 28 46 37 25 17 25 49 47 19 49 22 11 46 44 47 21 19 47 22 27 20 22 21 28 32 39 42 47 16 32 33 35 48 45 19 29 44 27 33 18 46 41 42 50 45 31 24 41 31 45 11 47 42 28 19 28 18 44 50 22 12 20 29 36 20 
24 37 18 25 23 11 15 28 16 45 33 18 36 50 33 27 30 25 21 15 29 50 21 41 47 36 41 50 22 33 33 24 31 34 45 45 21 20 21 16 30 15 20 19 49 32 41 19 14 39 47 29 27 48 22 26 50 34 23 43 44 34 40 48 43 13 45 39 21 12 39 49 28 36 32 28 10 40 50 49 24 44 18 21 19 25 27 46 26 15 13 38 44 19 16 23 12 38 38 29 15 21 18 33 12 49 15 36 20 21 31 25 19 10 40 19 35 36 17 42 45 10 19 50 17 16 23 38 28 27 47 47 31 39 13 26 39 12 39 40 48 44 16 48 12 50 16 19 18 10 38 24 28 30 11 20 32 11 25 42 29 41 20 11 50 15 18 31 15 27 16 49 17 10 25 43 33 50 16 24 29 38 36 34 31 22 46 22 28 28 13 18 10 37 28 13 47 19 15 44 
25 10 24 37 47 25 18 46 40 38 34 50 36 49 25 17 44 34 20 16 22 10 40 17 19 32 26 30 29 40 49 46 45 18 23 30 49 32 20 43 49 21 24 36 47 48 41 33 30 50 39 10 21 19 21 38 39 22 12 47 40 22 24 49 24 47 19 22 49 11 39 46 49 24 29 13 19 43 22 46 46 37 47 23 29 37 18 27 23 21 29 18 35 33 34 11 47 30 19 15 25 24 29 17 42 50 11 24 27 37 12 49 43 16 34 42 41 41 37 42 21 22 42 31 44 15 35 45 11 40 35 20 33 48 44 29 45 41 20 34 15 35 40 27 25 31 35 20 48 11 22 49 17 36 21 15 50 32 44 44 29 48 43 16 38 20 46 21 46 39 27 20 47 40 34 32 11 22 47 45 33 44 28 40 49 15 21 33 31 26 25 16 24 44 22 34 40 39 17 40 
10 23 47 50 12 10 31 23 34 29 32 47 14 34 50 39 44 48 18 35 38 16 44 37 16 38 37 29 35 38 47 45 35 33 18 37 44 28 48 31 17 30 34 49 43 37 26 17 27 42 33 19 35 23 32 50 39 18 32 48 10 31 44 19 31 46 46 23 19 10 48 34 22 22 23 41 44 26 42 15 39 45 11 35 20 23 22 26 17 29 40 25 29 31 25 20 43 17 34 23 15 36 15 38 42 22 11 21 15 12 41 22 49 41 21 16 27 35 33 48 11 17 15 25 25 50 28 10 50 43 15 16 21 19 42 38 42 23 15 40 31 48 36 15 43 36 14 30 41 31 25 26 16 27 35 39 49 16 36 22 43 35 23 32 20 35 39 20 46 39 14 33 36 20 20 43 20 11 28 30 42 28 25 17 40 41 22 29 23 19 14 36 30 48 15 28 28 38 25 37 
46 22 33 25 10 19 13 17 34 10 22 18 42 38 41 32 21 18 22 45 25 28 34 21 30 31 33 13 16 20 41 50 11 23 18 10 50 11 15 46 31 13 39 46 10 32 25 23 39 22 44 24 45 48 28 16 37 35 43 42 27 11 31 49 44 32 43 34 40 42 13 18 12 19 46 13 26 21 35 18 18 10 21 35 27 43 34 50 18 49 13 18 20 44 44 14 19 16 20 24 21 36 15 18 31 46 14 31 46 14 30 30 25 41 11 33 31 18 33 16 35 40 37 17 25 23 30 35 28 45 31 44 32 36 15 36 36 50 40 14 16 20 35 20 14 30 35 24 27 15 31 41 41 34 11 40 30 17 48 27 12 41 36 42 17 44 29 49 29 48 20 10 42 44 17 21 36 33 36 21 21 38 14 38 47 36 36 16 11 14 15 15 10 31 42 15 43 21 18 26 
24 32 18 35 15 11 50 13 34 44 43 46 13 43 38 27 33 30 15 48 23 37 37 14 32 17 20 12 43 47 48 44 12 18 19 32 30 47 25 45 48 34 48 10 36 31 16 22 36 17 17 40 32 29 39 29 21 23 23 47 28 39 44 48 37 36 13 33 47 34 23 32 47 37 46 34 37 39 10 20 27 21 35 32 39 12 12 49 18 49 29 24 42 35 39 11 33 17 34 40 23 12 28 43 16 22 38 45 36 23 24 12 28 40 21 29 36 50 12 16 34 33 19 16 43 30 50 17 31 30 39 23 31 25 46 10 36 19 25 21 48 20 44 13 38 11 16 47 13 40 37 19 13 16 19 25 20 18 34 18 37 44 28 42 14 29 25 20 39 35 16 29 41 21 42 31 26 15 24 26 31 40 29 16 38 13 17 22 42 34 16 33 27 44 48 43 33 23 22 25 
10 15 22 22 17 21 11 19 19 26 10 40 24 29 33 36 40 21 47 26 44 28 42 32 35 37 25 23 17 44 33 45 31 47 16 46 11 10 13 41 14 40 25 10 44 23 39 10 46 14 22 24 40 32 22 12 24 47 14 28 14 47 41 50 35 33 16 31 14 19 50 29 25 29 44 25 10 36 21 27 17 26 26 14 37 35 12 41 15 36 29 31 23 26 50 39 10 16 47 39 48 36 25 23 38 27 43 24 43 42 15 39 49 29 20 41 34 24 49 12 41 28 10 14 38 13 48 40 38 18 10 19 50 48 31 15 10 45 46 33 50 12 45 25 49 13 13 38 25 29 35 11 27 21 22 50 46 43 50 28 12 39 18 12 29 43 20 22 38 32 36 49 15 39 31 40 18 29 17 30 38 32 14 30 35 36 11 18 26 22 11 50 44 18 23 23 33 44 10 11 
28 37 44 34 38 11 45 39 14 23 46 47 13 20 18 10 19 31 49 48 36 21 33 17 14 33 23 29 17 37 44 18 21 48 21 44 50 17 17 13 26 45 39 10 48 15 19 44 27 21 50 36 43 29 38 34 20 20 17 15 15 43 24 29 32 30 47 20 14 25 25 18 16 39 18 50 28 41 13 48 41 45 11 50 50 31 14 32 12 14 11 13 11 44 40 15 50 49 39 33 13 41 47 20 43 50 10 21 38 35 22 10 16 33 17 44 10 13 14 50 34 30 12 28 26 19 45 21 37 28 43 42 37 29 46 13 16 21 47 33 33 19 50 28 42 21 34 22 37 40 33 36 23 20 34 30 32 29 14 36 49 30 26 15 34 32 10 21 21 35 40 41 45 11 44 27 20 20 29 38 31 13 49 50 10 36 10 38 37 10 28 40 36 16 41 10 23 13 31 14 
36 32 27 49 14 28 16 41 29 20 19 31 11 36 25 15 43 27 42 41 40 19 31 41 42 47 21 12 19 14 21 34 11 12 10 29 42 45 43 11 39 32 19 34 28 48 27 50 17 44 31 36 36 30 29 37 44 39 28 17 30 34 41 30 36 34 35 44 17 37 23 32 34 42 10 44 46 27 27 14 48 32 46 29 14 18 14 14 33 10 44 27 17 30 11 20 47 14 29 43 26 16 40 21 11 18 19 28 23 32 17 44 20 40 36 37 35 35 42 26 14 39 14 13 15 41 39 11 38 49 47 26 26 36 40 50 23 25 32 45 33 41 17 18 35 11 36 41 36 12 29 37 47 18 11 38 15 23 13 40 17 11 22 42 11 26 33 14 15 27 43 38 20 26 26 48 46 32 45 34 24 40 40 39 42 22 28 10 38 50 47 49 45 37 17 25 47 36 15 42 
27 48 48 41 46 45 32 32 20 43 25 18 45 48 40 13 46 22 22 49 21 35 38 11 35 36 15 44 34 35 44 47 32 49 45 17 42 28 41 16 20 46 20 42 13 41 19 49 39 11 36 39 14 12 27 50 36 21 44 10 25 28 40 14 15 10 39 19 16 29 48 40 41 22 42 45 42 28 32 24 15 39 34 38 23 10 39 36 30 20 14 49 28 22 30 37 18 12 37 25 50 16 29 45 10 50 22 13 33 13 35 47 21 12 27 30 44 21 41 27 14 43 42 50 45 22 23 36 14 33 50 24 17 40 23 47 33 26 18 24 47 41 49 12 38 20 27 49 28 33 26 33 36 36 45 34 30 30 12 42 34 28 12 15 28 27 16 48 23 29 11 43 13 33 40 46 21 49 10 16 42 31 10 49 41 45 26 32 12 50 14 34 36 13 24 44 23 26 14 39 
33 33 26 41 19 31 36 20 19 22 38 22 24 44 34 22 23 14 33 40 14 39 30 19 38 23 26 45 18 41 10 40 45 32 50 43 24 35 50 39 14 45 13 47 28 13 39 46 36 27 34 25 13 40 44 35 28 31 46 43 24 35 19 20 17 38 34 38 21 44 37 31 43 39 46 39 19 46 34 44 23 27 44 44 17 49 23 26 50 29 31 30 44 13 40 16 42 44 16 28 36 15 18 37 34 25 46 34 40 43 48 48 23 13 40 39 31 23 40 48 39 26 16 48 35 15 14 15 23 18 35 19 10 25 38 46 12 44 49 40 42 24 17 38 49 47 44 45 12 40 30 21 27 13 39 26 28 44 30 32 40 32 12 31 39 29 42 34 14 33 13 29 13 10 19 24 44 45 41 21 33 12 34 18 18 38 20 25 48 15 37 30 25 11 38 50 50 20 42 49 
11 31 25 26 18 20 37 45 49 25 19 20 37 13 32 20 30 47 45 31 32 50 49 42 47 23 41 27 44 32 33 43 28 14 48 22 29 31 35 46 38 22 12 21 43 36 34 35 14 45 42 41 34 23 23 49 22 33 35 50 17 15 35 40 24 16 13 19 16 17 45 44 37 13 15 11 24 30 28 21 17 17 22 20 20 10 23 20 48 25 40 50 40 40 49 13 11 12 15 26 22 36 38 42 48 29 30 27 26 24 30 45 17 47 43 21 28 46 12 37 29 41 37 46 15 14 20 44 15 34 32 21 45 19 12 35 44 43 19 35 50 49 37 42 48 35 43 29 13 43 20 44 50 23 12 30 39 48 41 41 36 11 45 31 32 20 29 43 14 46 30 49 49 50 32 15 36 22 47 33 43 32 19 18 44 11 35 41 42 45 23 22 49 16 39 11 10 49 12 38 
41 47 35 10 50 12 19 39 41 29 42 34 16 45 47 46 40 25 17 45 29 32 26 36 38 16 44 48 36 35 31 18 19 35 48 33 35 42 29 13 17 11 18 41 30 29 43 39 41 21 39 18 39 31 49 37 47 39 13 33 41 28 17 12 19 16 49 37 19 40 34 30 14 28 11 32 10 14 10 21 23 17 17 26 22 27 38 11 50 10 22 28 31 35 47 38 45 17 19 30 11 30 32 48 13 34 19 32 42 27 18 43 17 48 40 22 46 40 41 11 36 36 33 25 46 21 18 19 32 43 27 31 13 33 42 13 50 43 45 38 40 11 38 25 28 47 33 49 48 50 11 40 46 40 48 23 36 32 17 31 11 36 21 27 21 26 29 25 11 49 14 12 33 32 24 36 31 47 49 36 43 35 45 48 18 43 36 31 30 30 29 17 29 39 36 13 26 30 21 47 
43 21 16 50 46 31 37 13 19 19 23 45 36 13 21 13 20 47 49 24 48 19 25 30 22 32 28 35 11 21 30 32 20 34 26 49 14 32 38 43 38 36 17 23 30 43 45 27 18 31 21 30 23 39 40 28 22 16 41 22 35 14 11 46 35 13 19 42 31 14 13 40 24 23 11 50 17 16 42 46 28 36 12 42 45 10 11 42 37 48 37 40 27 25 25 17 29 30 17 26 20 36 14 28 13 11 35 48 28 29 45 14 41 38 47 24 33 10 23 10 44 46 27 37 34 25 34 28 44 49 46 11 19 37 36 19 50 46 38 35 43 12 28 27 21 33 29 28 24 38 20 18 37 24 23 12 13 28 24 28 48 16 12 12 21 32 13 16 34 31 13 33 37 19 30 50 28 36 31 35 47 48 12 23 24 19 42 14 38 43 47 33 28 16 31 14 12 38 30 48 
41 11 42 36 21 18 34 32 14 41 46 33 44 35 33 50 25 44 22 20 14 41 15 10 24 32 15 11 12 28 31 13 38 10 44 44 38 18 46 36 26 20 33 22 32 34 18 29 36 10 30 14 43 28 29 36 49 24 47 47 34 15 24 40 46 28 25 26 44 28 14 32 43 45 32 49 22 35 10 44 22 49 11 32 16 13 50 13 49 15 48 11 46 11 44 44 20 47 37 42 30 12 36 16 17 45 50 49 17 31 34 45 49 29 38 36 23 42 22 36 23 44 26 45 47 27 25 50 50 23 50 39 20 18 25 18 39 49 14 47 15 11 16 12 30 39 24 37 24 38 36 24 28 48 34 17 33 31 50 32 38 17 43 12 33 48 45 13 47 23 20 35 49 44 30 33 16 27 10 16 14 44 45 49 10 23 45 46 32 31 20 33 20 23 35 48 41 24 18 46 
37 36 43 16 23 36 11 24 30 38 39 44 23 23 25 50 13 26 37 15 27 34 25 44 47 18 12 38 49 29 16 29 17 10 23 42 36 13 40 12 28 17 35 36 33 15 16 33 10 11 34 23 34 46 15 45 22 35 43 47 16 21 11 25 11 12 25 10 21 42 19 10 23 48 50 40 19 21 45 37 32 32 20 12 22 30 47 44 24 47 38 23 16 41 38 46 14 42 37 31 25 25 36 22 38 31 15 32 32 37 38 46 41 39 27 16 35 29 39 39 24 45 33 49 36 46 37 50 36 41 50 20 49 23 41 40 31 49 32 36 37 21 26 34 14 43 48 35 30 45 13 16 47 39 28 11 16 31 11 25 20 50 19 24 46 19 50 44 14 40 40 44 29 49 26 45 22 34 39 39 38 39 17 32 10 19 27 49 11 32 30 31 45 48 25 16 43 33 19 43 
15 44 24 19 41 35 38 29 28 19 42 48 44 49 41 48 50 33 36 26 29 43 22 31 41 30 29 20 23 42 12 36 32 36 13 10 17 11 44 47 11 26 21 49 25 33 18 16 30 26 26 19 32 16 25 21 32 14 39 29 42 23 35 50 38 13 40 39 17 11 10 28 44 19 26 38 35 28 27 41 31 45 11 31 14 23 16 25 18 36 25 43 27 33 37 19 20 31 20 10 13 26 49 50 50 24 29 21 39 30 49 50 27 32 50 34 48 14 38 14 11 28 41 31 22 48 32 30 19 42 36 43 11 43 12 19 50 44 45 11 38 32 48 43 46 31 45 10 33 18 36 30 38 22 24 12 25 38 16 34 10 17 49 21 11 12 20 31 35 19 14 32 23 27 14 46 49 22 20 28 29 21 21 21 17 31 38 13 23 18 11 13 22 28 27 41 48 40 14 50 
13 31 41 35 24 48 42 36 11 49 48 47 46 11 27 48 43 44 26 30 44 39 21 18 15 46 23 44 28 31 39 28 46 18 31 18 20 44 45 19 43 46 39 34 47 13 31 36 22 28 19 26 22 30 35 50 47 16 11 21 12 10 45 27 46 20 16 34 26 44 45 28 24 14 30 45 31 50 35 21 37 13 49 16 11 40 25 14 26 28 10 14 16 43 45 17 22 12 32 16 12 37 46 46 13 49 24 25 30 25 22 29 22 44 32 21 16 35 26 50 36 26 43 32 50 28 35 39 35 31 37 34 18 49 35 42 41 25 24 48 30 39 43 33 46 26 10 33 36 22 18 41 13 16 14 13 34 28 36 38 42 50 32 42 42 24 23 18 29 37 39 36 50 32 49 34 30 43 27 50 23 46 46 22 29 21 37 23 46 22 12 32 10 22 24 43 33 29 49 44 
37 38 40 40 23 23 15 25 31 37 50 41 45 29 14 17 50 43 23 18 35 28 33 26 45 41 22 10 13 46 47 14 15 38 44 39 37 31 24 23 40 49 10 22 42 15 16 38 10 22 11 43 25 23 28 14 21 14 42 46 42 14 23 17 50 29 29 23 10 30 18 40 19 19 45 21 26 46 46 45 25 39 43 28 34 23 35 19 29 33 18 19 48 37 42 48 39 18 19 29 20 36 45 29 26 26 10 31 49 38 41 27 19 32 41 39 33 42 32 13 15 46 13 49 38 12 35 50 15 36 41 23 12 23 15 19 11 48 13 15 28 33 43 43 12 37 16 22 28 12 22 36 15 17 11 23 49 38 36 34 26 46 46 20 10 44 25 24 22 40 38 27 41 26 40 18 39 31 21 20 15 28 33 36 42 15 43 39 34 10 23 43 11 34 27 43 30 29 32 48 
35 16 35 46 37 14 39 31 23 48 32 39 30 18 34 32 41 43 17 40 18 25 37 26 45 46 25 45 39 29 18 41 42 12 39 20 39 32 36 23 29 21 29 16 17 33 20 30 11 43 11 21 23 17 23 44 12 22 40 26 42 13 31 25 10 40 48 31 21 33 47 50 49 24 36 16 37 41 10 26 46 17 27 25 20 38 31 21 18 46 37 37 35 28 20 10 40 10 22 44 38 50 32 30 11 26 40 35 23 48 45 44 11 28 25 23 18 20 12 36 16 16 27 16 49 41 40 35 45 12 49 34 50 33 16 38 19 16 32 34 23 19 30 15 28 32 15 35 16 14 25 33 16 12 23 30 28 16 46 47 30 36 16 27 16 11 50 10 29 46 49 26 39 42 14 22 31 50 47 50 11 28 28 26 40 12 43 37 31 38 20 20 19 49 18 15 49 15 42 37 
22 13 15 6 19 20 7 14 24 18 10 13 24 6 22 7 22 9 23 17 23 20 14 12 7 15 20 19 17 16 17 14 18 10 7 17 8 20 18 7 7 23 11 17 11 14 9 7 10 12 19 20 21 11 11 14 5 16 21 9 5 19 12 21 23 18 20 14 6 8 12 14 15 6 13 10 8 16 15 16 18 9 13 20 7 6 9 18 6 17 6 6 24 5 13 19 21 12 9 8 24 21 12 19 20 15 21 12 21 11 16 23 5 25 13 18 22 21 16 13 8 16 24 9 18 25 14 17 6 21 14 13 25 12 12 19 6 18 20 24 12 17 25 12 20 8 8 20 18 9 14 8 18 21 18 23 8 22 22 15 20 22 13 6 14 18 22 9 24 19 19 13 23 9 23 5 15 23 9 17 6 7 16 23 8 5 20 17 14 5 15 12 7 19 10 12 11 11 19 17 
8 7 7 11 9 6 25 15 12 19 9 24 17 6 6 11 20 18 20 24 10 21 24 18 5 9 7 16 13 6 14 25 25 24 17 13 24 24 17 9 17 17 22 20 15 22 23 23 19 12 9 23 8 14 10 17 13 18 11 10 13 17 10 7 21 18 23 20 18 15 18 10 6 5 5 8 22 5 14 21 19 12 25 15 17 9 9 11 20 18 9 11 23 13 23 18 16 8 18 15 20 17 18 16 20 24 17 17 17 9 20 25 20 13 22 7 24 11 6 12 19 13 11 18 9 7 17 19 12 25 22 8 12 22 19 17 6 20 17 20 16 24 14 5 11 16 18 11 9 25 21 10 12 17 7 16 16 11 12 12 23 24 12 13 17 24 14 18 21 13 8 11 12 21 19 10 5 14 15 22 14 10 21 7 9 11 11 14 5 15 18 10 23 13 12 5 12 15 10 21 
5 7 15 15 16 9 13 20 25 9 14 18 14 11 8 21 5 7 18 5 15 7 18 22 19 9 23 9 12 8 24 19 8 22 23 15 12 19 23 10 17 13 19 5 24 10 17 22 22 7 5 7 21 18 25 9 22 18 9 9 9 14 5 21 6 21 20 21 5 20 9 10 16 6 16 12 11 7 13 16 8 21 11 23 13 16 24 10 9 14 20 17 12 24 16 10 22 20 16 8 16 18 24 5 5 18 12 10 5 24 13 5 21 7 16 18 22 8 15 16 8 23 22 6 5 7 9 24 24 24 22 15 21 23 9 14 12 8 19 19 10 19 6 24 22 17 23 24 12 23 6 11 9 17 5 19 12 15 9 14 8 5 12 25 13 20 23 8 13 5 5 17 5 12 14 19 22 8 17 15 6 6 20 18 12 22 25 17 11 16 14 7 19 8 22 24 5 16 11 17 
11 7 6 12 9 23 9 16 17 8 23 11 25 24 9 9 23 9 12 8 20 17 12 24 5 5 8 25 5 17 13 20 13 22 16 15 16 7 17 12 11 14 9 17 24 21 19 14 13 22 5 7 9 6 25 19 6 19 9 24 17 8 22 14 18 6 12 20 17 25 13 20 15 14 7 20 14 23 7 17 24 10 22 9 10 11 23 22 24 20 8 21 22 13 18 10 7 5 14 5 21 11 6 25 5 23 8 14 9 13 22 14 20 16 21 16 9 19 13 16 9 9 6 22 19 16 18 13 11 16 22 16 12 22 18 8 6 6 5 15 13 16 25 18 16 9 24 13 10 14 10 20 20 17 8 15 23 21 8 22 6 23 19 20 14 14 19 6 9 19 16 5 11 13 8 15 13 9 16 11 13 23 24 5 21 22 22 15 5 8 8 9 17 20 9 7 25 21 15 8 
12 5 15 10 24 8 18 6 16 5 23 25 16 8 12 21 23 14 14 19 18 22 7 25 13 11 19 17 20 18 22 18 19 19 25 21 7 22 9 7 21 16 9 11 13 16 9 5 24 11 16 9 25 22 8 9 13 9 18 8 12 18 6 14 22 23 24 10 18 15 10 7 7 9 7 16 15 8 18 17 9 21 20 14 8 9 6 21 20 18 14 8 11 14 9 9 20 8 18 19 6 8 23 9 24 22 7 25 9 8 15 24 12 20 21 24 8 25 7 9 5 7 22 5 24 20 23 10 18 18 9 9 20 22 18 12 25 20 23 10 23 18 6 11 9 14 12 13 23 6 9 21 7 20 13 15 13 5 9 19 7 24 7 9 25 13 20 8 11 20 6 8 14 19 13 17 8 21 15 23 25 15 22 15 12 5 5 14 20 23 25 12 9 24 21 11 22 23 25 5 
12 7 17 21 25 11 5 15 21 25 6 17 23 6 6 6 9 24 16 6 19 22 16 19 8 9 19 11 9 7 20 25 23 16 13 11 9 16 7 13 5 19 10 25 5 20 18 24 19 5 24 19 6 13 24 24 18 20 14 10 25 25 25 22 25 10 15 10 19 12 13 12 10 8 8 18 18 11 22 9 6 7 11 24 13 5 17 7 18 24 22 14 20 11 12 6 6 25 24 11 25 20 11 9 8 6 6 15 19 18 14 21 25 20 20 17 5 8 20 22 14 18 19 11 24 23 25 24 5 20 5 12 11 15 20 14 19 15 12 18 7 14 6 9 11 19 17 18 8 8 7 15 22 10 22 17 23 14 17 12 24 10 6 17 22 18 9 13 8 6 14 12 19 16 18 22 14 11 8 12 24 14 5 10 19 18 12 9 19 21 18 5 11 15 13 10 17 25 23 24 
12 23 24 9 24 18 23 19 6 13 25 9 9 11 14 23 15 6 10 10 15 17 25 10 24 7 16 25 13 10 14 22 10 14 14 23 10 12 6 15 6 10 14 22 21 6 22 24 23 11 22 7 5 16 9 10 25 5 7 16 25 13 9 14 10 20 19 12 24 14 25 19 22 19 11 8 9 5 11 19 25 17 11 12 25 9 14 21 25 21 20 25 20 6 8 23 6 11 16 22 7 15 5 14 7 22 10 11 5 13 18 7 7 19 6 20 24 11 14 12 21 10 10 14 8 5 21 6 20 5 23 20 21 7 12 20 22 12 7 16 13 14 7 25 5 19 17 12 10 13 16 11 17 25 15 13 13 25 8 15 20 11 21 18 18 22 15 7 13 15 21 14 16 10 17 17 22 11 14 12 7 25 18 16 25 20 14 16 15 16 24 14 21 6 11 14 12 9 19 24 
17 22 12 22 14 6 17 8 24 18 10 9 18 17 9 21 20 25 8 20 14 13 15 24 25 18 19 8 14 20 21 10 13 14 22 19 23 25 9 17 7 10 22 18 20 19 14 13 9 14 21 6 23 8 18 19 20 23 9 5 10 23 7 22 9 24 14 7 16 5 7 12 15 9 25 14 6 21 25 18 24 15 16 22 13 12 23 7 23 5 10 18 23 6 20 9 22 10 15 19 24 12 16 22 16 5 18 22 12 11 7 9 21 22 21 17 16 17 11 13 16 22 12 18 14 21 9 15 12 25 12 24 12 23 13 25 5 20 23 5 24 17 21 21 6 20 25 7 14 11 15 14 9 16 6 25 19 11 20 20 7 6 16 20 6 19 7 17 6 19 21 17 7 5 14 18 13 23 17 12 11 25 22 21 18 23 5 22 13 6 7 15 5 23 17 10 7 20 21 6 
10 24 17 12 6 24 8 20 19 14 10 15 6 7 6 20 5 24 6 16 7 11 19 8 7 13 8 19 12 23 5 17 11 22 17 9 19 18 18 22 10 6 21 24 15 7 19 13 24 13 5 19 9 11 13 22 23 5 6 18 16 7 6 6 15 8 10 14 22 12 7 12 20 23 22 12 12 11 19 14 6 11 22 7 23 13 23 12 7 15 6 21 8 9 21 7 10 13 6 13 8 13 14 15 7 13 13 16 5 7 21 12 20 11 17 22 11 20 10 8 5 8 9 7 20 7 17 5 16 10 17 20 8 24 6 7 20 20 14 17 22 22 7 12 14 13 12 6 11 15 10 16 6 22 15 21 15 16 15 23 15 5 16 11 9 6 6 22 9 13 6 22 6 20 16 11 7 6 14 11 20 24 9 14 5 20 6 9 15 11 7 14 19 13 19 9 14 6 6 24 
16 11 14 18 18 7 15 23 23 12 8 10 7 6 7 17 9 17 8 25 20 7 19 8 25 19 23 20 24 24 11 15 9 25 22 23 15 8 24 13 12 17 25 21 25 5 14 11 5 17 6 24 24 21 25 10 19 15 8 12 15 22 17 9 21 10 18 13 12 7 14 24 14 21 11 5 16 23 13 21 14 12 9 8 22 23 13 19 11 25 16 22 24 20 13 19 12 17 11 14 19 6 11 9 14 11 22 10 5 19 17 21 17 5 7 23 21 6 24 6 22 20 9 7 21 20 18 25 11 22 14 11 25 10 10 21 23 24 10 8 12 13 12 24 7 10 13 17 9 5 8 20 16 24 14 12 13 21 5 6 13 11 17 17 13 20 18 23 20 6 13 13 13 6 19 14 22 5 20 5 10 12 11 21 25 5 15 24 7 21 19 17 19 22 17 8 6 16 15 13 
11 14 7 6 22 16 25 12 6 22 24 6 23 15 6 5 7 6 23 15 25 20 14 23 16 17 10 6 24 21 13 5 9 12 12 11 8 20 12 12 12 21 22 23 5 6 23 24 11 17 7 22 24 16 20 5 21 13 15 15 21 13 14 7 13 15 11 16 20 17 16 23 18 11 14 22 10 17 19 21 8 15 22 25 20 25 14 21 16 13 13 24 8 13 14 21 10 6 5 15 21 24 21 6 10 11 23 15 9 13 5 15 19 9 20 9 5 24 9 19 9 11 25 7 17 21 19 22 12 21 23 25 11 16 25 21 20 8 11 20 10 6 5 21 9 19 19 5 11 9 9 24 17 9 16 23 13 12 9 20 20 19 8 6 9 9 16 18 7 22 23 14 18 24 15 5 12 9 16 7 23 16 9 15 22 20 12 14 18 7 15 23 21 13 13 8 10 19 17 24 
18 18 6 25 13 11 19 11 10 19 11 12 22 19 16 6 13 5 22 6 13 22 18 6 7 5 6 19 5 20 20 18 5 11 10 19 13 18 16 14 8 13 7 24 11 12 8 24 8 16 14 13 15 12 14 7 22 6 22 14 23 5 10 16 10 9 5 12 15 8 19 6 22 7 7 8 5 8 17 11 9 11 22 9 16 15 9 13 11 16 14 13 8 8 5 7 18 6 25 22 10 8 6 12 11 6 17 19 19 23 6 24 8 22 17 13 8 5 21 25 9 25 20 20 25 22 13 16 23 6 23 9 7 24 16 11 5 25 25 9 23 25 9 13 21 6 17 12 18 17 20 21 19 9 18 21 9 17 14 18 5 24 15 22 12 17 12 18 18 5 19 22 24 7 13 24 11 13 18 12 10 25 8 12 7 20 7 10 20 6 22 7 13 21 22 10 7 13 13 20 
11 21 11 19 7 22 16 15 11 20 21 8 5 21 21 24 9 13 12 25 7 20 19 11 21 10 21 10 13 14 8 22 14 15 16 11 14 18 8 22 18 14 25 18 22 20 21 15 7 16 16 25 24 6 24 8 8 15 16 21 5 24 20 20 21 18 5 11 22 5 12 11 15 12 13 23 14 11 8 23 10 5 24 16 13 18 23 17 25 25 10 7 17 23 21 25 15 11 20 17 6 13 23 6 16 21 11 9 14 9 11 13 13 7 25 8 22 22 16 5 25 21 10 17 19 12 18 23 25 5 16 11 19 10 24 25 17 13 6 7 10 23 11 11 20 16 7 16 7 5 16 18 10 12 24 24 18 13 6 15 6 21 14 19 8 25 15 17 5 16 6 13 9 22 23 13 19 16 24 18 8 17 6 13 10 20 20 24 18 5 18 16 23 6 19 12 21 23 25 9 
12 22 23 25 11 17 10 11 6 22 7 17 19 24 22 24 20 12 10 20 19 7 11 15 25 20 12 5 18 11 15 22 16 15 6 7 18 18 10 12 6 17 14 22 9 12 11 18 22 5 7 18 20 19 21 14 6 9 23 19 21 16 20 9 24 7 12 9 24 11 11 16 8 12 22 22 8 7 13 17 25 9 8 7 15 17 11 12 14 13 17 17 24 24 24 21 7 23 17 22 22 25 16 18 10 11 7 15 20 14 20 17 5 20 8 24 15 20 19 22 17 17 5 6 21 18 24 19 7 10 19 23 22 6 15 7 15 5 13 21 5 18 12 8 6 23 7 5 9 24 12 8 12 17 21 22 22 23 9 21 9 13 17 13 12 23 14 7 13 14 22 5 25 22 7 16 19 13 5 17 22 25 11 13 24 19 16 19 13 22 21 20 6 21 13 19 14 19 8 18 
23 9 19 17 11 8 11 20 18 18 6 5 15 19 9 12 24 18 7 20 20 19 12 22 20 12 10 10 10 21 7 9 7 8 9 9 19 21 23 11 8 10 14 25 8 20 10 15 8 17 11 9 22 14 7 7 16 17 16 21 16 11 11 9 21 23 24 21 16 22 12 21 21 13 15 8 18 24 10 25 25 10 8 20 16 11 23 12 10 13 16 10 7 17 11 20 18 8 10 14 8 11 22 9 12 21 18 20 15 23 18 21 22 22 20 24 18 9 7 5 22 9 20 22 14 19 11 16 6 13 23 16 19 10 6 14 6 15 12 24 10 9 11 15 21 22 7 22 18 10 21 10 19 22 20 22 5 21 6 7 17 16 14 16 6 20 13 5 16 8 11 10 9 18 23 16 25 13 19 16 25 14 16 6 16 17 6 24 5 25 6 19 9 21 22 12 9 18 19 10 
18 22 7 13 16 19 17 24 7 7 18 14 24 18 16 5 15 11 18 24 15 11 9 8 8 25 23 23 21 24 13 7 18 5 18 10 11 24 7 15 7 25 16 9 15 22 17 15 25 10 8 21 15 23 7 10 7 13 16 13 9 16 19 11 7 20 19 6 10 23 24 20 10 13 23 18 20 23 6 16 20 8 17 23 19 18 23 11 25 19 25 11 25 11 9 9 25 13 12 6 8 5 24 24 10 14 10 20 12 19 5 25 22 8 5 16 20 17 10 13 7 8 12 9 8 7 11 6 15 5 18 25 16 22 18 25 6 15 14 21 25 5 25 11 21 5 15 17 7 20 19 13 9 12 23 6 23 21 20 20 12 24 19 14 21 21 10 17 25 14 9 10 6 20 7 19 12 22 10 23 6 23 5 20 10 14 24 24 5 6 6 20 15 6 21 17 6 8 16 7 
20 19 15 23 5 17 9 8 19 9 18 16 21 25 22 21 16 6 25 7 12 19 11 12 9 21 11 18 16 15 21 19 12 5 11 16 23 10 17 12 9 9 25 24 11 23 10 14 22 10 17 7 12 14 7 20 7 21 19 6 6 25 23 7 7 21 19 13 20 16 9 18 23 13 22 17 13 12 6 12 7 17 13 20 16 25 21 16 11 14 14 15 14 5 14 5 22 19 23 22 13 6 18 7 20 21 20 11 20 11 15 5 21 25 7 23 8 24 6 9 5 15 10 22 10 22 16 16 15 5 8 11 16 14 5 17 11 22 14 7 24 12 14 16 17 5 17 20 11 25 15 25 5 7 22 9 24 19 23 21 15 15 24 20 20 12 6 19 16 16 18 9 10 12 16 20 16 16 21 21 24 19 6 19 11 5 5 25 21 20 21 12 17 11 17 6 11 12 7 16 
16 10 11 6 24 24 21 7 7 5 18 16 22 18 13 5 10 12 18 18 24 10 7 20 23 5 20 17 15 24 7 9 23 24 11 11 6 20 23 6 6 12 12 24 18 12 20 10 16 21 22 25 12 12 12 6 21 22 6 18 13 19 15 12 15 23 20 22 16 14 8 16 13 22 6 25 23 11 22 15 11 11 17 5 23 8 19 8 5 10 11 5 23 5 14 13 16 25 20 20 7 18 14 10 19 11 6 24 23 25 7 14 23 17 9 24 8 20 19 18 21 13 10 16 19 15 18 15 17 15 16 11 11 24 11 18 17 6 22 11 20 23 17 19 5 17 24 7 19 8 18 22 15 21 25 11 14 14 13 14 18 8 16 7 17 21 19 23 11 23 20 23 16 11 23 12 22 22 7 10 23 14 14 18 24 13 12 18 16 11 16 23 24 10 8 23 10 21 12 22 
12 24 14 14 7 20 7 13 21 10 11 10 23 17 16 23 10 18 18 7 12 13 18 6 5 14 22 18 13 13 15 5 14 25 18 11 9 14 7 15 17 12 5 7 20 16 5 5 25 16 25 15 24 7 19 25 23 24 11 15 5 5 25 23 21 6 5 20 11 21 9 5 13 24 24 8 12 10 15 8 24 13 19 20 10 19 14 13 22 12 9 24 23 7 11 13 23 25 15 13 23 5 14 25 19 15 22 25 13 18 9 10 9 7 9 5 7 14 6 19 14 21 12 16 18 6 13 11 18 19 5 5 6 13 11 10 9 21 16 8 16 16 25 23 14 5 6 21 10 17 16 7 21 22 19 9 21 9 5 6 8 22 18 19 5 8 25 12 9 7 6 22 7 21 10 12 14 24 21 19 6 11 9 15 8 15 9 24 18 22 11 23 5 13 15 17 18 14 9 14 
8 11 12 5 13 9 6 21 14 7 7 17 25 22 8 14 8 12 24 6 14 11 7 18 6 24 21 10 19 15 12 18 22 17 18 10 15 17 5 23 25 12 22 15 8 10 5 10 23 11 7 6 8 22 22 25 17 13 24 11 21 13 12 14 15 19 6 5 12 18 12 8 24 20 21 21 17 19 6 5 19 23 25 18 19 18 15 10 7 10 10 20 13 9 19 13 18 21 5 10 21 7 21 21 16 6 24 23 9 9 6 15 9 25 24 22 20 25 19 16 16 13 12 16 21 6 16 16 7 16 23 24 13 18 22 19 14 13 13 17 20 24 15 7 15 25 13 19 22 24 17 16 8 8 21 8 6 24 17 20 8 6 9 12 18 23 12 16 15 14 11 22 18 21 11 6 5 20 25 17 13 19 5 23 16 15 11 8 11 22 8 16 12 24 16 5 24 15 6 18 
118
120
115
116
118
119
119
123
106
121
120
112
123
122
118
119
120
124
114
119
14 8 9 3 15 16 5 8 17 12 6 8 16 3 12 4 12 5 13 10 16 12 8 8 4 8 11 15 10 12 11 11 14 6 4 10 5 14 12 4 4 15 9 14 6 10 5 5 6 6 11 16 14 7 7 10 3 8 17 6 3 11 8 15 16 13 13 8 4 5 9 8 12 4 8 7 6 9 11 10 9 5 10 14 4 4 6 11 4 10 4 3 17 3 7 12 16 6 6 5 15 15 7 10 14 8 13 8 11 8 9 12 3 16 9 11 11 15 9 8 4 12 18 7 10 16 7 11 5 12 10 8 13 7 6 14 4 10 13 16 9 10 19 6 10 6 5 12 10 7 7 6 9 13 9 17 5 17 11 11 15 16 10 3 8 10 16 5 12 13 10 7 16 5 13 4 11 16 6 10 4 5 11 18 6 4 13 9 10 3 10 8 5 15 6 9 6 7 13 9 
6 5 4 6 7 4 15 11 7 13 7 15 13 4 3 9 15 11 11 12 7 14 18 10 3 5 4 12 9 4 8 16 15 16 9 8 18 18 12 5 10 9 15 15 9 13 14 18 14 8 5 14 4 8 6 11 10 12 6 7 8 9 8 4 16 11 12 11 12 11 14 7 5 3 4 4 13 3 8 16 10 9 13 8 10 5 5 7 14 10 5 6 17 9 15 9 9 6 14 9 14 13 11 11 15 17 11 13 9 5 14 15 12 10 14 4 17 8 4 9 15 7 7 13 6 5 10 15 7 16 15 5 8 12 14 13 4 15 12 15 10 16 9 4 6 8 11 6 5 16 14 8 8 12 4 12 11 9 8 7 12 13 7 9 12 13 9 14 12 7 5 9 7 12 11 7 4 11 11 12 7 6 15 6 5 8 6 7 3 10 12 8 14 9 7 3 7 9 5 15 
3 4 8 12 9 6 10 12 17 5 8 13 11 6 5 13 3 4 10 3 11 4 10 17 11 5 16 6 8 5 13 15 4 11 14 8 6 11 13 8 10 8 14 3 15 8 9 15 17 4 3 4 13 11 19 7 16 13 7 6 5 9 3 15 3 12 10 13 4 14 7 7 10 5 8 6 7 4 10 9 6 11 9 17 10 9 18 6 6 7 11 13 8 14 10 8 12 14 9 6 11 13 17 3 4 11 10 7 4 16 10 4 12 5 9 11 15 6 11 12 5 17 16 4 3 5 6 13 16 19 15 11 15 17 7 10 10 5 10 11 5 13 4 14 14 10 14 15 10 18 4 6 6 10 3 14 6 8 5 10 6 4 9 16 8 12 13 4 9 3 4 10 3 8 7 13 11 5 10 8 3 4 13 13 6 12 14 14 6 9 10 5 13 5 15 12 3 9 8 11 
7 6 3 8 5 18 5 12 13 5 17 8 19 16 5 5 12 5 9 6 11 11 9 16 4 3 4 15 4 13 8 15 9 12 11 9 10 4 11 9 6 10 6 10 19 12 14 10 10 12 3 5 5 4 13 15 5 10 5 17 12 4 13 10 12 4 8 13 11 19 8 13 11 8 5 12 8 14 5 13 14 7 16 7 8 7 18 11 19 15 5 15 13 10 10 5 5 3 8 4 12 8 4 19 3 12 6 11 6 7 15 7 14 10 13 13 5 11 9 10 5 5 4 14 15 13 10 8 6 8 13 9 8 17 14 5 3 5 3 12 7 10 14 12 9 6 19 9 7 10 6 13 16 11 6 10 12 15 5 15 4 15 14 15 9 11 10 3 7 11 10 4 8 10 6 11 8 7 9 6 9 18 14 3 12 15 13 8 3 6 6 6 13 13 7 5 15 11 8 6 
6 3 9 7 14 6 11 4 9 4 16 15 9 6 9 14 13 10 8 11 12 14 4 13 10 9 10 10 10 14 17 13 15 10 13 12 5 18 5 5 15 12 6 6 7 11 5 3 14 8 8 6 15 16 5 6 9 5 10 6 7 11 4 9 16 14 15 5 13 10 5 4 4 6 4 11 12 5 10 13 5 16 11 8 6 7 4 16 13 12 8 6 8 9 6 6 13 6 12 11 3 4 17 6 14 16 4 18 7 5 8 18 6 15 12 13 5 20 5 6 4 5 16 3 12 12 17 7 14 13 6 7 14 11 13 8 18 14 16 6 14 12 4 8 6 8 7 8 17 3 7 11 5 14 8 9 7 4 6 14 5 15 5 6 17 7 14 6 8 14 4 6 9 15 10 13 5 12 11 12 18 10 11 9 7 3 3 8 16 12 18 6 7 14 11 8 13 18 20 3 
8 5 12 13 18 7 4 10 16 20 4 10 14 3 5 4 5 15 12 5 10 14 11 10 4 5 11 8 5 4 11 19 14 11 8 8 7 11 4 10 4 11 6 13 4 15 14 19 15 4 16 10 5 10 16 15 11 10 8 6 13 18 19 12 13 7 9 7 13 9 7 9 6 6 5 12 12 8 11 7 3 4 6 17 7 4 11 5 13 19 14 9 15 6 7 3 4 13 15 7 20 11 8 6 6 4 4 12 13 13 11 15 17 11 15 9 3 5 12 15 8 14 10 7 19 15 17 17 3 10 3 8 8 12 15 9 12 8 8 13 4 10 5 7 8 12 10 11 5 5 5 9 12 6 13 12 14 9 9 7 14 5 5 9 12 13 7 7 6 4 11 6 15 11 11 12 8 9 5 9 15 7 3 6 11 11 9 5 14 11 14 4 8 11 8 5 9 13 18 15 
7 18 14 5 13 13 16 13 5 8 13 5 7 7 9 15 10 5 7 7 8 13 14 7 18 5 10 16 8 5 10 12 6 10 8 14 6 8 4 8 3 5 9 16 12 4 15 16 12 7 14 5 4 9 5 5 17 4 5 8 20 9 5 10 8 15 15 7 15 8 19 10 15 13 7 4 5 3 8 10 19 10 6 8 18 5 11 16 16 14 15 17 12 3 6 12 3 7 11 14 5 9 3 8 5 17 8 7 3 9 12 5 5 11 4 13 18 9 8 8 16 6 6 11 4 4 13 3 15 4 15 12 12 5 7 10 13 9 4 9 7 9 5 19 4 15 11 7 7 7 12 8 11 15 10 8 7 13 4 8 11 6 14 12 13 15 12 4 8 10 16 7 10 6 13 12 12 7 7 7 6 13 9 9 19 13 8 8 12 12 14 10 16 4 6 11 7 5 12 16 
12 14 6 15 10 3 12 4 14 13 6 7 12 9 5 14 13 16 5 14 11 9 10 15 14 10 12 6 10 12 13 6 7 9 14 12 12 16 7 11 5 7 14 12 11 10 8 7 5 9 16 3 13 6 10 11 12 13 5 3 7 17 4 17 5 13 9 5 10 3 5 8 8 7 15 10 4 14 17 10 18 10 10 12 7 6 12 4 18 3 6 13 15 4 14 5 16 5 11 14 13 7 11 12 8 4 12 17 7 6 4 6 16 15 15 10 10 14 8 10 8 17 8 10 11 14 5 8 9 20 6 12 7 12 7 14 3 11 16 3 13 10 12 13 3 13 17 4 8 6 8 8 6 8 3 16 13 6 12 15 4 4 10 14 4 10 5 9 3 13 11 10 5 4 7 9 9 13 10 6 6 20 16 14 14 17 4 15 8 4 4 8 4 12 11 8 4 14 12 4 
7 15 11 9 5 18 6 15 11 11 8 9 4 5 5 11 3 15 3 12 6 7 11 6 5 9 4 14 9 12 4 10 8 14 12 7 13 12 14 13 7 4 14 19 9 5 11 10 16 10 4 14 7 7 10 14 18 3 3 14 11 4 3 4 8 5 8 10 17 8 5 8 12 13 14 7 6 6 13 10 4 8 12 4 13 10 16 8 5 11 5 14 5 6 14 4 6 7 4 8 5 9 7 11 5 7 7 8 4 5 16 8 12 7 11 13 7 12 6 5 3 5 7 5 13 5 11 4 9 6 10 15 6 13 3 4 10 14 10 11 17 16 4 7 9 9 7 3 9 10 7 11 3 14 9 12 11 11 11 15 8 3 8 8 7 4 3 14 7 7 3 12 4 14 11 6 4 3 9 7 14 13 5 7 3 14 4 5 10 6 4 10 12 9 15 6 11 5 3 15 
11 7 11 12 14 4 9 13 16 7 6 8 5 4 4 13 5 12 6 20 12 5 10 4 18 13 13 14 16 19 9 11 5 15 14 15 10 5 13 8 6 13 18 15 17 3 8 8 3 12 4 14 13 11 13 6 11 10 6 6 10 13 11 5 11 7 12 8 7 4 11 13 9 16 8 3 11 14 7 16 9 8 7 6 14 17 9 13 6 17 12 16 18 14 8 13 7 13 8 7 10 3 6 6 7 6 14 8 4 10 9 14 10 3 4 13 14 4 18 5 17 15 6 5 13 15 12 16 6 15 8 7 14 7 7 11 17 12 6 5 6 10 8 12 4 7 10 9 6 4 6 10 12 16 11 8 7 16 3 5 8 6 10 9 8 12 13 18 13 5 7 9 10 5 11 11 17 3 14 3 6 9 6 11 18 4 10 17 6 13 10 13 12 11 10 5 4 11 12 7 
6 11 4 4 17 10 17 7 4 11 15 4 17 9 4 4 4 4 13 10 19 14 8 16 8 10 5 3 19 13 7 3 5 6 7 6 6 11 7 7 7 11 13 16 4 4 17 15 6 11 4 12 18 8 14 3 12 9 9 9 15 10 8 5 10 10 7 12 11 11 9 14 12 6 8 16 7 13 14 14 4 8 15 14 14 14 10 12 9 9 7 19 4 8 8 14 6 3 3 10 15 12 12 3 5 8 12 11 7 10 4 10 15 5 11 5 4 19 6 12 5 6 20 4 10 11 13 15 9 16 17 13 8 10 16 15 16 5 8 16 6 4 3 12 6 13 13 3 6 5 5 14 10 5 10 13 8 7 5 11 11 10 5 5 6 5 8 9 5 13 18 7 11 12 11 3 8 5 9 5 17 10 7 10 14 13 9 8 12 4 12 17 13 9 8 6 7 15 10 18 
13 11 3 19 7 7 11 8 7 15 8 9 14 14 10 4 9 3 14 4 8 12 10 4 5 3 4 11 4 11 11 14 3 7 6 13 9 12 11 10 6 7 4 13 8 7 5 14 4 8 10 8 8 9 9 4 13 4 12 9 17 3 7 11 5 5 3 9 8 4 12 5 17 4 5 5 3 4 10 8 5 9 12 5 10 11 6 10 9 12 11 9 5 6 4 5 10 5 19 13 8 5 4 7 7 4 9 12 12 13 4 18 5 16 10 10 6 3 16 18 5 14 10 15 18 13 10 8 13 4 18 7 5 13 8 7 3 14 18 7 14 15 5 9 13 4 10 9 12 11 15 17 15 6 12 14 5 10 8 12 4 18 8 16 7 13 8 10 10 3 14 14 15 4 8 16 6 10 10 8 6 17 5 6 4 13 4 8 14 4 12 5 8 15 16 6 4 10 9 14 
6 14 6 15 4 14 9 10 8 12 13 5 3 15 14 16 7 8 9 13 4 11 14 8 12 6 13 8 9 10 6 16 8 9 12 7 11 12 6 17 14 9 19 13 13 16 12 12 4 13 12 16 16 3 13 4 5 10 11 13 3 18 10 10 15 14 3 9 16 3 8 8 9 8 8 16 10 7 5 12 8 3 13 9 8 10 18 12 16 20 6 4 10 14 13 18 9 6 11 10 3 9 17 5 11 16 8 6 11 6 6 7 7 4 19 5 14 16 13 3 15 14 7 12 11 8 12 12 18 3 9 8 13 7 13 20 11 7 4 5 7 18 8 7 16 11 4 9 5 3 10 13 7 9 17 18 10 7 4 10 4 11 9 13 5 14 11 9 3 11 3 9 6 17 18 10 12 10 17 11 4 11 4 9 8 11 12 19 13 4 14 11 17 4 11 7 12 13 17 5 
6 15 13 16 9 10 7 6 3 12 5 12 13 16 14 14 13 8 5 13 10 5 7 9 18 10 9 3 13 6 10 17 10 11 3 4 13 12 6 9 4 10 10 15 6 8 6 12 16 3 6 12 13 13 17 9 4 5 16 15 16 13 12 5 13 4 6 6 18 6 8 9 6 7 14 13 4 4 8 11 18 5 5 4 10 9 6 7 10 7 9 10 14 18 19 12 4 12 9 12 11 18 11 12 7 8 5 8 14 11 14 12 3 13 5 16 9 13 15 12 9 12 3 4 14 11 17 11 4 7 15 18 12 4 10 4 10 3 7 14 4 9 6 5 4 17 4 3 5 18 8 6 8 9 13 12 12 15 6 13 5 8 9 8 7 16 9 6 8 11 14 3 14 14 5 12 12 9 3 14 16 18 8 8 16 11 12 10 8 18 13 12 4 14 9 11 11 15 6 14 
14 6 10 12 7 5 7 11 12 13 4 3 8 13 7 10 12 11 4 13 11 13 9 13 15 7 6 6 7 15 5 6 5 5 6 7 12 15 16 6 6 7 10 17 5 10 8 10 5 11 7 5 14 9 4 4 8 13 11 14 9 7 6 6 14 15 15 11 8 11 10 15 15 9 11 4 11 15 7 13 13 7 6 11 11 9 18 7 7 9 9 7 5 12 8 11 14 6 7 8 6 8 14 6 6 12 13 12 11 16 9 12 13 15 11 19 12 6 5 3 13 5 15 16 8 12 9 13 3 8 14 9 12 7 4 8 3 12 7 16 7 7 8 9 12 16 4 17 13 6 14 7 12 11 16 17 3 12 4 4 13 9 8 12 4 13 8 3 9 6 8 7 7 12 16 8 13 9 15 10 16 9 9 3 9 11 3 19 3 16 4 13 6 14 17 9 6 14 10 7 
12 15 4 9 13 13 14 14 5 4 10 11 16 13 9 3 10 9 9 17 9 8 5 6 6 15 15 18 16 19 8 4 12 4 14 5 8 13 5 9 4 17 9 6 8 15 12 8 15 6 6 17 9 15 5 7 5 7 12 8 7 12 15 8 5 13 15 3 7 16 19 14 8 10 16 11 11 17 3 11 12 6 13 17 14 12 12 6 16 11 16 7 19 7 5 6 19 9 7 3 6 4 15 19 6 8 6 13 9 10 3 19 13 5 4 11 11 12 7 8 5 4 8 6 4 4 7 4 11 4 10 14 9 14 10 19 4 9 10 15 15 3 13 6 15 3 8 12 4 13 11 8 5 6 14 3 16 13 14 10 7 18 12 7 13 16 7 10 14 7 5 6 4 14 5 12 8 16 7 18 3 12 4 12 6 10 18 13 4 3 4 14 10 5 14 9 4 6 9 4 
15 15 11 12 3 11 5 5 11 6 10 11 15 19 14 14 8 3 19 4 9 15 6 7 5 15 8 10 11 11 11 14 7 3 7 9 17 6 10 6 7 6 13 19 7 13 6 9 14 5 13 4 6 9 5 14 4 15 14 4 4 16 15 5 5 16 10 8 16 13 5 9 12 9 17 12 9 9 5 7 4 10 8 14 12 20 11 11 7 8 8 8 11 4 9 3 15 12 14 13 9 4 14 5 11 13 16 7 15 8 10 3 13 14 4 16 4 18 5 6 3 8 6 14 6 14 11 11 11 3 5 8 8 10 3 11 8 13 8 4 12 7 10 12 10 4 13 14 6 16 8 17 3 4 12 7 16 14 15 14 11 9 14 15 13 7 3 11 9 10 14 6 7 8 9 12 9 13 16 16 18 10 3 10 8 4 3 13 12 11 15 9 13 6 13 4 8 8 4 13 
12 7 7 5 18 19 12 4 5 3 9 9 11 13 9 3 7 9 10 9 13 8 5 15 14 3 11 9 11 18 4 6 12 17 6 6 5 12 15 3 3 6 7 12 13 8 15 7 10 17 18 14 8 9 8 4 11 14 4 11 9 13 9 7 11 18 12 14 10 8 6 9 10 16 5 18 15 8 15 9 6 9 9 4 17 5 11 5 3 8 6 3 12 3 9 10 11 18 14 15 5 12 10 8 12 6 4 17 18 19 4 11 17 12 6 15 5 13 10 13 15 8 7 12 14 8 14 9 13 8 9 8 8 17 8 13 13 4 16 6 14 13 13 10 3 10 15 4 11 5 13 16 10 17 15 6 11 9 8 9 10 5 9 4 10 16 13 13 6 16 11 13 9 8 16 9 17 16 5 8 15 10 9 12 12 8 8 11 9 8 11 13 17 7 6 17 6 15 9 13 
8 17 8 9 4 11 5 9 15 6 7 6 15 13 9 17 7 13 11 4 8 7 13 5 4 8 11 13 9 10 10 4 10 13 11 6 7 8 5 10 12 8 3 5 12 11 3 4 15 10 13 12 14 4 12 14 13 19 8 9 3 3 18 17 15 4 4 15 7 14 7 4 7 16 13 6 6 5 11 4 14 10 13 13 6 13 9 8 14 7 7 12 13 4 8 10 15 17 10 7 13 4 10 18 14 8 14 17 8 13 6 6 5 4 6 3 4 10 3 14 10 12 7 8 10 4 10 6 14 11 4 4 4 7 6 6 6 15 13 4 8 12 18 12 11 4 5 11 7 12 9 5 15 15 12 6 15 5 3 5 6 14 14 10 3 6 18 7 5 5 3 12 4 13 6 7 9 17 13 15 4 6 6 10 4 11 5 18 13 13 7 15 3 9 11 10 13 9 5 11 
5 7 7 4 10 5 4 16 10 4 4 11 20 17 5 11 5 8 18 4 9 6 4 11 4 18 17 7 10 9 8 11 17 12 10 7 9 13 3 18 17 6 14 10 4 6 3 7 15 8 4 3 6 13 17 16 12 9 19 7 13 7 8 8 8 14 3 4 8 13 8 5 17 14 12 11 13 12 4 3 14 18 13 14 10 14 11 6 5 7 6 14 8 6 10 10 11 16 4 7 15 5 13 11 8 3 19 16 6 6 3 10 6 20 18 17 11 16 12 10 11 7 7 8 14 4 13 12 4 9 16 14 10 9 17 12 11 10 10 13 11 16 8 5 9 15 9 15 16 15 9 9 4 4 14 6 4 17 14 12 5 3 6 6 11 17 10 10 11 8 6 15 9 16 7 4 4 14 14 9 9 14 3 17 8 8 7 6 8 12 5 9 7 15 8 3 18 11 4 12 
31 18 19 8 24 29 9 21 32 25 13 19 35 9 33 9 28 12 30 21 34 29 18 15 10 22 26 27 21 22 21 19 23 14 10 25 10 26 26 10 9 30 16 24 15 18 12 10 15 16 23 30 30 15 16 20 7 20 30 12 7 25 16 29 31 27 26 17 8 10 16 19 20 8 19 13 10 20 20 24 22 11 16 29 9 8 12 24 9 23 8 8 32 7 17 26 29 15 12 11 35 28 17 24 29 19 30 16 26 15 20 34 7 32 19 26 29 29 21 18 11 23 33 13 22 37 20 24 8 29 19 18 31 15 16 28 8 27 27 29 17 25 34 15 30 11 11 27 23 13 20 10 23 28 23 33 10 33 31 19 29 30 19 9 20 22 32 13 30 28 27 18 29 12 31 6 22 34 12 22 7 9 20 30 12 6 28 21 17 7 22 16 9 24 14 18 15 15 25 22 
12 10 9 16 13 9 36 21 16 28 12 35 24 8 8 16 29 23 27 32 12 31 33 25 6 11 9 19 16 8 18 30 36 33 21 16 31 33 22 12 24 23 28 29 22 31 29 31 24 17 13 34 12 20 14 21 16 22 13 12 16 25 12 10 31 23 29 28 27 22 22 14 7 7 7 10 30 7 20 25 24 17 36 22 25 12 13 16 26 25 12 15 29 18 33 23 20 10 26 21 27 25 26 20 26 33 23 25 23 11 29 34 30 16 30 8 32 16 8 17 27 18 16 22 11 10 22 27 16 30 27 11 16 28 23 21 8 27 25 28 23 29 20 6 14 23 27 15 12 37 28 12 18 22 10 21 23 14 16 14 33 33 17 19 25 32 20 24 27 19 10 16 15 31 24 13 7 19 19 28 17 13 31 10 13 14 14 19 7 18 23 13 34 16 15 7 17 21 13 25 
7 10 21 20 22 12 16 25 33 12 19 27 21 14 10 26 7 9 26 7 19 10 26 32 24 12 30 12 16 11 33 24 12 28 30 20 16 26 31 12 23 18 27 7 34 13 22 28 28 10 7 9 30 23 31 12 32 26 11 12 12 19 7 29 7 29 26 29 7 29 12 14 21 8 23 15 15 10 18 20 11 30 14 31 17 20 29 15 13 19 25 21 17 30 23 12 29 30 20 12 19 24 33 7 7 25 18 13 7 35 17 7 28 9 19 23 32 10 19 21 11 28 29 8 7 9 12 32 30 29 31 20 27 31 13 19 16 11 24 25 15 26 7 30 32 25 30 33 16 30 8 16 13 25 7 26 14 19 12 20 11 7 18 31 18 27 34 10 17 7 6 22 7 17 18 25 32 11 21 21 8 7 28 26 18 27 37 25 14 23 18 10 24 12 30 31 7 20 14 22 
16 9 9 17 12 30 13 19 24 11 31 14 36 36 11 13 30 11 17 11 24 21 15 33 6 7 10 37 7 21 19 27 18 33 21 19 20 10 22 15 16 17 12 23 33 27 26 19 17 27 7 9 12 8 33 27 9 26 13 33 22 11 28 17 25 7 17 30 25 36 17 26 19 19 10 29 19 32 10 23 29 14 29 13 12 15 31 27 31 25 10 29 31 17 23 12 9 7 19 7 30 16 8 33 6 30 12 19 13 16 29 20 25 24 29 20 11 27 16 24 13 12 8 30 25 23 26 16 14 20 27 22 16 33 25 10 9 8 7 21 16 21 37 24 22 12 32 19 13 20 12 26 25 24 11 22 30 27 10 33 8 29 27 27 18 20 26 9 11 25 20 6 16 17 12 18 19 13 24 13 17 28 36 6 31 30 33 22 6 11 10 13 23 30 13 10 33 27 21 10 
15 7 22 13 31 10 24 9 22 7 32 31 23 12 15 27 31 17 17 28 24 32 10 33 19 14 24 24 26 24 31 24 27 27 30 28 10 30 11 9 29 21 11 14 16 23 12 6 29 15 22 12 35 30 11 13 17 12 24 10 15 23 9 18 27 30 34 13 25 21 13 10 10 11 9 21 18 10 26 23 11 29 25 19 11 12 8 27 27 24 18 11 14 17 12 13 24 11 26 27 8 11 34 13 31 30 9 36 13 10 22 36 17 24 29 33 10 35 9 11 7 10 28 7 29 27 31 13 23 22 12 11 30 31 23 17 34 29 30 14 32 26 8 15 11 19 18 16 32 7 11 26 9 25 16 20 16 7 11 25 10 35 10 11 33 16 28 10 15 26 9 12 17 27 18 25 10 28 18 29 34 19 29 22 15 6 7 17 30 28 37 15 13 29 31 15 33 34 30 7 
17 10 22 31 35 15 7 19 26 31 9 24 32 8 8 8 11 34 24 9 24 30 22 26 12 12 26 16 12 9 26 31 30 20 17 16 11 22 9 17 7 23 14 37 7 25 23 32 26 7 35 26 9 17 33 34 23 27 17 15 30 37 35 29 36 12 19 14 27 18 16 15 13 12 10 26 22 15 30 12 8 9 14 29 17 6 25 9 22 31 27 20 25 14 15 7 8 35 32 13 36 25 15 12 11 8 8 18 23 22 17 28 32 29 29 24 7 12 25 32 20 22 25 15 34 29 32 33 7 29 7 18 16 20 26 20 26 18 17 22 10 21 9 13 15 28 21 27 10 12 9 20 30 14 30 21 30 18 23 17 34 14 7 22 30 25 11 16 11 7 17 15 23 23 26 31 18 15 12 16 34 19 6 12 26 26 18 12 27 28 23 6 13 22 16 14 23 36 31 33 
17 31 34 13 35 24 33 25 8 18 36 13 13 15 20 29 20 8 12 15 19 21 31 13 34 10 22 36 17 14 19 27 13 20 19 28 14 17 8 19 8 14 18 28 27 9 32 35 30 16 31 10 7 21 11 13 34 7 10 20 32 19 13 17 14 25 28 15 30 18 37 25 32 24 16 12 11 6 14 25 33 22 14 15 35 13 20 27 32 31 29 33 26 8 11 33 7 14 22 32 9 20 7 20 9 28 14 14 7 18 27 9 10 28 8 25 29 14 18 18 30 13 14 20 11 6 29 8 26 6 30 28 30 9 18 25 28 17 10 19 16 19 10 33 6 27 22 15 15 16 21 16 21 30 21 17 18 30 10 20 29 16 26 23 24 31 18 9 16 18 28 21 24 12 21 22 32 16 19 16 10 32 23 24 35 26 21 23 19 24 32 19 31 8 15 17 17 11 26 33 
25 27 15 27 17 7 21 11 31 22 14 13 26 25 13 27 26 32 10 28 21 16 18 30 34 27 28 10 17 25 29 14 19 20 28 28 33 34 13 23 9 15 27 23 27 28 17 18 13 18 28 8 28 11 26 26 25 32 11 6 15 34 9 31 12 30 18 9 21 7 9 17 18 12 37 18 8 26 31 27 29 21 20 28 18 16 29 9 29 6 13 26 30 8 28 11 32 14 21 24 33 15 20 27 24 7 22 31 16 15 9 11 26 31 29 25 22 23 14 16 20 31 18 23 20 29 11 19 16 36 17 34 18 32 17 36 6 29 31 7 34 25 30 26 7 29 35 9 18 15 18 17 13 23 8 35 24 14 29 28 9 9 22 27 8 26 9 25 8 24 25 21 9 7 18 27 16 32 24 16 15 30 33 29 24 29 7 32 19 7 9 20 7 29 25 14 9 28 26 8 
15 32 22 18 8 33 10 29 24 19 14 21 7 9 9 28 6 30 8 21 9 16 25 11 10 16 12 23 17 30 7 25 16 27 25 13 23 26 24 31 13 8 31 33 19 10 27 18 30 17 7 23 13 16 19 28 34 6 7 26 20 10 8 7 22 12 15 19 27 18 9 15 24 31 28 18 16 15 23 19 8 16 30 10 31 17 34 15 9 21 9 30 12 11 27 9 15 18 7 18 11 17 19 21 9 18 19 21 6 10 28 15 24 15 23 32 15 27 12 12 6 10 13 10 29 9 22 7 22 13 24 30 11 34 9 10 27 27 18 21 32 31 9 17 18 18 17 8 15 19 13 21 7 27 21 27 20 22 21 28 20 6 20 14 13 8 9 27 11 18 8 27 8 25 23 14 9 8 21 13 24 32 13 17 6 25 9 11 19 15 9 21 24 16 24 12 19 9 8 34 
21 15 18 24 26 10 22 32 32 15 10 13 10 8 9 20 12 21 11 36 26 9 28 10 32 26 30 26 30 35 15 22 13 36 27 29 18 12 35 18 17 23 33 31 30 7 19 13 6 23 9 32 32 31 35 15 25 19 11 18 19 29 22 11 30 14 24 17 18 10 19 33 17 27 16 6 24 28 18 26 19 15 11 10 33 28 19 25 14 35 23 32 36 25 16 25 16 25 15 21 24 8 15 13 21 16 30 14 7 25 21 26 22 6 9 33 26 9 31 8 31 26 11 10 28 24 27 33 15 30 17 16 34 14 13 27 32 29 13 12 15 17 17 31 10 12 18 22 12 6 10 29 24 34 19 17 16 29 7 7 17 14 25 21 17 28 24 33 28 9 18 18 19 7 27 20 31 7 29 6 15 18 14 31 30 6 20 32 9 31 25 24 23 29 23 10 9 20 21 19 
15 19 10 8 29 22 37 15 9 27 30 9 34 20 9 7 10 8 34 20 33 29 18 28 24 23 14 9 36 31 17 7 12 17 17 15 10 27 15 17 17 28 33 34 6 8 31 32 16 23 10 28 30 21 29 7 26 18 21 20 27 19 18 9 18 20 16 21 24 21 20 28 26 16 19 29 14 20 27 28 10 21 27 35 26 32 17 29 23 18 16 34 10 19 21 31 13 8 7 20 28 36 28 9 13 15 31 22 13 17 7 21 24 13 30 11 7 30 12 26 12 15 30 10 21 27 27 31 16 31 33 36 15 23 34 27 25 11 14 30 13 7 7 26 13 24 25 7 16 12 11 30 21 11 21 30 19 16 12 29 27 26 11 8 11 12 20 23 9 27 33 19 25 34 20 7 16 13 24 9 32 24 13 22 29 29 16 20 25 9 21 29 31 18 17 10 13 23 23 36 
25 25 8 31 16 15 25 15 13 28 14 18 27 27 19 8 17 7 29 9 17 31 27 7 10 6 9 23 7 26 27 22 7 15 13 26 19 25 24 17 11 18 10 33 16 16 12 34 10 21 19 19 22 15 19 9 29 8 31 17 28 6 12 19 12 12 7 15 21 12 24 9 32 10 9 11 7 10 22 14 12 15 29 11 21 19 11 19 13 23 19 18 11 10 7 9 24 8 33 29 14 11 8 16 14 8 21 23 26 34 8 30 11 33 24 18 10 7 27 36 12 31 25 24 31 29 19 20 32 8 31 13 10 29 21 15 7 33 37 13 34 33 11 16 29 9 23 17 25 22 26 26 24 13 25 29 11 21 17 26 7 30 22 30 18 21 17 27 23 7 23 31 34 9 19 30 16 17 22 16 12 33 11 16 8 25 10 13 26 8 32 10 19 28 27 13 10 18 18 29 
16 28 16 25 9 30 22 19 16 26 27 10 6 27 28 35 12 19 15 34 10 27 24 13 28 14 29 15 17 19 11 31 21 20 21 15 21 23 12 27 23 18 36 26 27 29 29 19 10 20 21 31 33 9 34 10 10 22 22 31 6 31 26 29 26 22 6 16 31 6 16 14 20 18 16 29 17 14 11 30 13 6 30 20 19 27 30 23 35 37 13 9 25 34 26 37 19 14 30 22 7 19 32 8 20 27 16 12 18 13 16 16 18 10 35 10 28 27 23 7 37 31 12 22 25 16 27 34 37 7 21 14 26 14 32 37 25 17 7 10 13 32 16 14 28 24 9 21 10 7 19 24 14 17 33 35 27 16 9 20 9 28 20 28 11 31 21 23 7 21 8 16 12 28 34 19 26 21 33 22 12 22 7 17 14 28 29 34 24 7 23 24 29 8 28 16 31 33 34 12 
15 27 28 34 15 21 12 16 9 27 10 24 28 36 30 30 24 16 13 28 26 10 14 22 32 28 17 7 22 15 20 28 23 20 7 10 23 25 14 15 8 22 17 30 13 17 15 22 27 6 10 23 25 25 31 18 8 12 33 25 28 23 29 13 33 9 15 11 32 14 14 21 11 14 32 32 12 10 18 24 35 11 11 9 21 22 14 16 18 18 25 20 34 35 31 25 10 30 22 31 28 32 19 23 13 16 10 22 30 17 25 23 7 26 11 31 19 28 26 32 21 24 7 9 29 22 36 25 10 12 26 28 29 8 18 9 20 6 16 27 7 24 15 10 9 31 9 7 13 34 17 11 15 23 30 32 30 30 12 28 13 19 25 19 15 34 21 10 16 20 32 6 36 27 9 24 27 16 6 21 33 37 16 19 29 28 22 24 16 28 27 27 9 26 18 25 18 24 11 23 
33 12 25 24 14 11 14 26 25 24 8 6 19 27 13 16 31 22 9 27 29 24 17 27 28 17 14 14 14 28 9 11 9 11 12 13 25 29 30 15 12 15 19 32 10 26 13 21 11 24 14 13 27 19 10 9 21 24 24 28 24 14 14 11 27 33 30 29 20 31 17 25 31 18 22 11 24 36 15 32 33 12 11 27 20 15 34 15 14 17 22 13 9 24 16 24 26 12 15 19 12 14 31 13 15 26 26 24 22 28 25 31 32 28 26 30 27 12 10 7 31 12 28 27 20 23 14 22 7 19 31 20 24 15 8 21 8 19 16 34 15 12 13 21 28 31 9 27 22 13 28 14 24 29 24 33 7 29 8 9 25 22 17 20 8 27 18 6 22 10 15 14 11 25 30 23 34 17 28 23 35 19 22 7 21 22 7 35 7 31 8 25 13 27 32 16 13 23 25 15 
27 28 10 19 22 26 24 29 8 9 25 21 34 23 22 7 20 15 25 33 18 16 12 10 12 34 33 30 27 32 19 9 26 7 24 13 14 34 10 21 10 36 22 13 22 27 21 19 32 12 10 27 22 31 9 14 8 18 20 17 12 20 26 14 10 25 25 9 12 28 34 29 13 17 30 25 24 34 8 21 27 10 23 29 25 22 33 14 31 26 34 15 32 16 13 12 36 19 16 8 11 6 35 30 14 19 12 25 15 24 7 32 31 11 7 23 29 21 12 19 10 12 14 13 12 10 15 8 18 7 25 32 22 30 23 31 7 22 19 27 30 7 30 16 30 6 20 24 10 24 26 19 12 16 31 9 31 29 25 24 17 30 28 18 29 26 13 25 33 18 13 12 7 25 9 24 16 28 12 31 8 34 7 25 12 19 35 33 7 8 9 25 19 8 27 22 9 11 22 10 
28 24 21 31 6 21 13 10 25 11 22 20 30 34 32 28 22 8 33 9 16 26 16 16 12 28 16 27 21 18 30 27 17 7 16 22 31 12 23 17 12 12 34 32 16 32 14 18 31 14 24 10 16 18 9 26 8 29 27 8 9 37 30 10 9 28 26 17 27 21 12 23 32 19 30 21 18 16 7 17 9 21 16 30 22 30 30 20 16 17 19 18 20 6 17 7 31 24 28 33 19 8 25 9 24 30 27 15 26 13 18 7 26 32 9 30 10 33 9 13 7 22 15 33 13 30 20 24 21 7 11 14 21 19 7 22 14 28 19 10 29 15 18 21 22 7 22 27 14 36 21 30 7 9 26 13 33 23 30 30 21 22 35 24 29 15 7 23 23 20 24 13 14 16 23 28 20 21 28 25 36 26 8 25 14 7 7 36 30 29 27 16 22 15 25 7 14 15 10 21 
20 13 15 8 35 33 29 10 10 6 25 19 31 26 19 6 15 15 26 26 33 12 9 26 32 7 29 25 20 29 10 13 29 32 14 14 8 30 28 9 8 15 15 34 26 15 27 14 21 27 29 34 18 17 15 9 31 30 8 23 19 26 22 15 19 32 30 31 19 21 11 22 16 29 8 32 31 16 31 19 15 15 21 7 34 10 28 12 6 12 15 6 34 7 17 17 20 33 25 28 10 23 18 12 28 15 9 34 34 36 9 17 32 25 11 32 10 28 23 26 31 18 12 21 28 22 26 22 21 21 20 15 16 32 15 23 20 7 31 14 25 33 22 27 6 24 31 10 24 10 26 27 21 28 33 15 17 20 19 19 26 12 24 9 24 26 25 31 15 33 25 29 20 15 33 16 29 27 10 13 30 19 17 26 30 18 17 25 20 13 24 30 30 13 12 33 12 29 14 31 
15 31 18 18 9 25 9 18 26 14 13 13 33 23 20 29 13 26 23 9 16 17 23 9 7 18 33 25 16 17 22 7 21 32 22 15 11 17 8 20 21 18 6 9 26 22 7 7 31 24 33 21 36 9 27 32 30 34 15 20 7 7 33 29 26 8 7 26 15 30 13 6 18 30 33 11 16 15 20 11 32 17 23 26 13 26 19 19 28 17 13 30 34 10 14 17 33 36 20 19 30 6 17 35 23 19 30 33 17 24 12 12 13 9 13 7 9 18 8 25 21 27 16 23 25 9 18 14 25 26 7 7 8 18 16 14 13 29 23 11 23 24 35 34 18 7 9 25 13 25 20 10 28 32 24 11 26 13 6 8 11 28 25 27 7 11 36 16 13 10 7 27 9 30 13 16 17 32 27 23 9 15 11 20 12 22 13 36 26 30 16 28 7 16 21 23 23 19 11 18 
12 14 15 7 17 12 8 27 19 10 9 23 30 27 12 21 11 14 30 8 19 16 10 26 8 32 28 13 26 18 15 23 32 24 26 15 18 24 7 29 34 16 27 22 12 13 7 14 32 15 9 8 11 30 32 36 22 18 33 13 28 17 15 20 21 27 8 7 16 22 18 12 30 26 31 29 24 28 9 7 27 33 34 22 28 23 18 13 9 13 13 28 17 12 26 19 27 29 7 13 27 10 28 29 20 9 34 29 11 13 7 21 12 35 31 29 29 31 24 23 23 16 16 21 27 7 23 21 10 20 29 32 19 27 26 23 17 18 18 24 27 34 22 9 22 33 19 26 30 31 23 21 11 11 27 11 9 35 21 29 11 8 12 18 25 34 17 19 21 19 13 27 22 27 14 7 7 27 34 21 16 27 7 28 23 18 14 11 13 30 11 19 14 29 23 7 36 20 7 22 
