20 100
15 15 48 38 45 16 14 50 30 35 29 19 43 33 26 21 16 29 45 26 40 19 11 19 50 16 23 11 46 29 37 34 48 14 15 37 11 39 16 28 30 43 20 18 40 28 25 18 41 33 19 24 11 11 19 30 43 20 34 49 31 25 22 11 26 11 28 19 37 32 35 14 50 41 37 45 39 15 10 22 25 26 21 48 40 31 39 40 29 17 21 40 24 20 25 27 32 47 44 35 
27 45 27 28 42 42 46 27 31 49 45 47 23 22 15 12 31 11 25 45 35 14 18 41 37 11 46 14 14 29 33 26 49 11 26 46 25 46 27 29 10 33 21 22 35 26 19 14 14 13 46 41 29 46 33 48 45 50 35 23 22 15 22 40 14 39 17 42 41 43 13 15 15 41 32 39 41 30 26 48 25 27 46 23 46 16 46 32 30 29 19 23 11 13 10 17 42 40 21 32 
34 13 13 49 49 31 39 26 49 13 42 43 20 50 40 25 20 20 11 26 14 16 19 22 38 17 11 42 49 17 11 27 14 43 49 10 35 16 38 31 48 27 47 33 43 48 39 40 36 18 17 43 27 45 50 27 25 12 10 12 40 22 34 41 14 50 34 40 23 12 22 20 12 29 33 27 17 38 48 17 37 42 47 29 19 39 35 45 39 10 50 49 22 37 10 42 50 16 18 17 
29 49 13 39 19 47 50 13 33 45 24 27 30 29 14 34 25 50 20 38 48 14 21 50 48 48 16 41 42 39 24 41 27 41 32 50 50 15 38 40 23 21 38 18 49 29 10 46 44 16 37 10 44 12 35 11 50 12 39 44 13 38 49 25 40 33 49 16 29 21 31 12 44 50 37 18 29 38 18 30 38 50 37 44 46 26 12 29 47 19 20 19 13 46 21 26 10 40 29 20 
26 16 38 17 36 21 39 12 50 42 35 50 14 27 41 20 13 21 49 18 21 42 17 11 34 43 47 39 48 43 12 21 13 23 43 36 23 34 16 26 14 15 31 30 23 36 25 17 10 35 12 30 41 25 40 24 49 37 42 35 23 33 33 17 26 12 40 32 34 37 16 43 10 42 31 32 37 10 41 35 47 12 28 18 13 41 10 22 16 25 18 46 13 10 37 48 45 25 40 27 
20 28 40 44 30 32 33 17 35 15 10 29 32 49 31 32 14 10 47 46 42 35 42 43 17 24 45 27 34 48 26 19 16 12 40 11 45 48 50 46 38 45 12 35 23 25 12 21 39 25 20 14 50 41 31 13 38 10 31 31 19 19 36 30 22 44 45 45 15 17 26 34 31 18 37 49 19 14 16 34 50 22 35 49 31 47 38 47 43 37 44 13 13 24 41 14 41 26 36 43 
44 19 44 40 43 27 31 21 43 37 21 16 10 30 29 26 40 45 10 48 42 16 45 48 11 17 26 29 39 32 29 21 15 41 33 20 26 11 11 26 21 20 18 15 50 46 16 24 34 16 27 23 10 35 31 44 31 23 29 29 26 21 33 39 40 17 23 29 16 39 32 13 25 44 12 13 21 34 41 36 34 10 23 36 47 22 30 33 35 12 22 29 17 44 10 27 10 33 14 19 
15 25 18 13 28 12 24 14 19 48 23 18 47 28 25 49 11 42 25 43 50 28 33 20 30 38 39 43 45 42 20 44 27 16 10 13 30 23 47 41 25 31 37 42 20 15 36 45 12 42 35 22 45 18 20 13 47 30 28 15 43 23 31 12 16 27 43 41 10 40 45 12 21 14 29 19 48 28 29 21 38 21 29 36 14 41 38 41 11 17 41 38 10 31 48 15 38 41 21 41 
16 14 41 28 35 39 20 20 45 32 35 40 41 28 11 31 16 24 33 28 35 43 17 39 14 22 45 41 24 47 50 38 36 49 28 48 18 32 26 36 32 20 14 17 18 37 21 29 10 45 48 45 29 41 48 27 29 26 14 16 36 48 21 16 44 33 15 46 45 12 14 11 14 16 26 10 11 35 50 14 23 46 15 15 31 33 17 50 49 19 38 48 15 12 25 37 36 47 24 18 
34 47 28 15 19 30 19 13 25 13 42 48 22 42 46 47 41 50 46 33 13 47 13 19 28 39 23 40 33 37 49 21 28 49 22 32 17 23 37 41 27 15 18 29 41 34 20 21 22 11 45 22 47 24 11 34 24 32 13 47 39 21 20 46 32 23 27 47 45 22 18 46 29 12 32 17 14 13 37 42 24 45 43 19 15 13 37 14 38 30 24 33 43 44 41 24 17 23 25 41 
40 48 34 40 47 24 49 30 23 41 43 29 18 49 19 29 10 27 27 21 27 36 41 18 15 19 27 28 36 30 35 37 47 22 50 12 20 40 31 43 10 44 44 44 19 49 27 50 27 25 14 14 33 22 39 16 32 11 29 25 26 33 27 15 50 23 44 12 12 15 11 32 25 19 16 44 46 38 37 43 43 38 45 11 21 11 32 43 34 30 32 45 49 32 46 35 20 35 49 29 
10 38 19 11 16 33 32 47 43 20 48 46 20 43 18 10 39 33 23 30 22 37 34 12 49 34 50 34 33 27 31 27 45 42 36 32 41 21 14 49 35 48 15 17 25 47 49 27 20 47 11 30 24 19 46 35 13 15 32 28 25 44 12 33 30 10 37 27 16 26 24 25 13 22 50 32 27 46 21 15 21 21 30 13 11 37 13 36 17 42 17 34 38 33 24 50 45 16 33 45 
46 40 12 49 13 11 13 45 19 23 38 29 22 12 26 31 17 15 15 39 14 26 25 25 17 15 37 20 50 21 25 15 15 44 25 12 31 14 43 50 19 33 12 20 47 46 17 50 20 29 26 45 46 12 31 14 11 37 29 27 12 34 12 26 35 48 43 28 29 39 28 39 28 37 35 40 42 36 19 36 21 24 32 34 34 11 40 14 13 13 39 50 20 34 24 43 37 50 18 24 
12 20 13 44 30 26 46 37 40 25 40 37 48 12 32 48 27 43 14 34 40 11 33 47 49 49 45 31 21 37 40 31 31 22 38 12 34 19 42 20 35 25 38 16 26 35 43 21 36 16 28 43 11 44 35 36 34 33 12 35 47 25 49 14 16 39 10 15 31 24 31 17 26 17 11 17 33 43 10 34 36 50 30 49 31 34 41 13 36 32 20 15 40 19 39 42 26 32 39 39 
38 39 39 33 17 30 27 42 43 14 17 19 44 28 42 18 27 11 21 36 40 20 32 16 29 12 19 38 42 12 21 29 14 48 20 12 13 22 28 50 16 38 40 13 44 48 40 38 32 38 40 16 33 20 49 36 26 28 12 25 45 40 10 10 23 25 28 40 25 40 31 43 18 30 25 28 21 11 35 30 19 41 14 48 49 21 23 33 28 35 14 48 25 21 13 48 32 15 46 16 
27 18 45 16 17 15 18 15 46 34 28 39 29 18 37 42 43 25 21 46 13 35 35 45 14 36 30 41 31 50 31 22 35 21 35 50 45 49 35 26 30 34 19 25 44 37 11 48 13 40 24 30 28 14 17 18 48 48 15 13 36 28 37 38 31 43 38 17 35 12 26 49 13 24 37 30 30 31 17 15 44 42 47 22 18 33 40 25 44 32 36 23 44 41 49 22 42 45 45 34 
30 18 35 12 36 21 28 12 18 45 28 33 22 17 17 14 35 14 34 24 46 12 33 50 38 47 27 31 13 37 41 12 10 47 41 23 21 14 49 10 23 30 29 46 40 43 17 40 34 34 22 31 20 20 23 30 24 30 24 21 20 38 46 26 24 26 35 48 20 40 33 19 41 49 21 18 29 40 42 10 33 36 46 41 17 16 16 20 31 49 27 47 19 37 31 23 21 35 23 28 
43 21 27 37 13 30 18 17 49 22 41 36 35 31 36 26 12 10 12 35 33 26 37 21 49 30 43 36 17 20 24 50 27 14 29 14 26 14 48 44 42 50 38 24 26 21 18 21 23 20 11 48 27 36 28 37 34 22 42 50 49 36 31 12 31 42 33 27 28 27 30 39 33 33 50 44 16 37 34 35 30 34 41 30 34 19 29 45 22 29 21 13 18 47 10 38 40 13 27 26 
33 47 22 43 12 10 47 41 40 14 15 19 19 47 47 34 17 27 43 13 24 32 49 33 12 46 24 25 40 10 31 41 36 36 12 36 13 30 33 40 33 43 31 22 19 22 45 29 48 19 43 11 15 24 26 11 18 14 24 12 21 41 20 20 18 30 44 14 33 27 48 26 38 37 41 31 24 15 50 24 15 23 21 48 15 45 48 12 10 43 20 16 21 44 43 34 23 10 11 36 
31 27 42 20 39 21 21 11 31 48 23 25 37 16 19 26 46 24 43 18 25 50 34 33 36 45 21 28 39 30 27 15 12 22 41 46 45 10 39 29 38 28 48 40 12 44 15 32 12 19 13 50 44 24 19 35 29 39 32 26 37 47 14 47 26 16 25 41 49 46 17 48 11 39 34 32 24 20 40 49 27 17 37 46 29 21 28 17 47 30 23 14 12 10 30 42 43 20 47 24 
22 14 15 21 13 5 16 19 8 13 19 16 8 9 15 17 13 24 15 6 10 16 11 16 23 19 24 6 12 20 13 18 11 13 7 18 24 18 19 15 16 8 11 8 24 25 14 20 19 15 21 5 20 17 21 23 24 11 18 5 11 12 12 18 9 5 20 8 22 6 15 16 25 25 23 20 6 24 21 5 15 9 18 16 12 10 23 20 11 6 14 8 20 5 21 11 15 11 22 21 
24 21 17 21 18 18 17 5 24 10 10 20 5 17 20 20 24 10 9 13 7 18 5 16 18 15 6 24 21 7 9 11 25 15 18 6 15 22 25 14 25 14 17 7 7 21 25 9 11 11 12 11 24 17 19 20 7 22 8 19 8 24 25 5 5 10 25 10 23 22 23 20 23 6 10 12 10 17 20 25 16 17 16 21 25 5 24 21 9 10 6 21 13 5 19 20 6 8 24 7 
23 20 15 9 11 25 18 18 15 20 18 15 20 11 5 6 6 23 18 8 9 10 15 13 22 12 8 19 9 18 16 14 6 10 12 16 6 11 23 7 14 15 21 23 5 5 22 13 19 20 25 23 14 16 7 17 13 17 17 17 20 11 21 25 18 24 13 6 25 11 5 23 12 22 14 14 18 13 21 7 20 5 17 12 12 24 11 15 19 7 14 19 24 25 14 14 14 24 23 12 
5 15 24 6 6 18 12 9 6 13 18 11 24 21 13 16 14 18 14 9 20 6 19 16 10 19 8 15 22 8 12 16 12 17 12 18 25 10 16 15 19 10 24 9 12 20 17 21 11 25 17 20 11 10 15 11 8 21 13 22 22 10 20 12 25 17 22 18 6 25 13 9 7 9 6 24 23 13 21 24 18 14 22 6 19 10 13 17 10 18 16 5 5 18 11 21 11 17 21 7 
5 19 18 19 24 25 10 16 22 6 24 12 10 23 23 8 22 12 12 14 11 5 18 19 16 12 19 12 16 5 14 24 5 25 13 18 24 11 18 8 9 17 12 20 7 10 15 5 8 16 17 14 6 23 22 12 9 8 22 9 10 15 25 6 22 10 6 13 25 10 6 22 17 18 17 13 7 22 8 15 23 15 19 15 13 12 22 16 13 18 5 20 23 21 9 13 23 17 12 19 
24 7 13 16 7 18 20 6 12 25 10 15 16 19 16 7 11 20 14 21 6 25 24 24 7 5 25 22 6 20 14 20 22 11 9 10 17 18 5 25 5 12 25 22 15 10 15 10 22 19 8 16 19 8 16 9 18 12 24 7 6 9 20 7 23 15 5 24 11 14 6 19 13 23 12 11 18 5 8 10 9 25 12 9 15 22 9 14 10 12 16 6 5 10 5 6 8 18 5 15 
9 18 5 13 22 18 10 21 13 17 14 7 17 17 11 9 9 12 16 6 24 19 5 15 19 21 15 8 7 23 14 22 23 13 7 19 21 23 15 24 23 11 20 5 14 22 6 24 8 24 18 23 17 11 19 8 13 15 17 14 5 16 11 22 13 20 6 18 21 8 17 16 18 8 18 23 8 7 15 18 11 11 21 8 13 10 13 19 8 20 7 15 15 9 12 9 16 12 24 20 
15 9 25 9 6 24 8 25 11 7 13 20 6 5 20 19 16 5 6 21 14 18 10 11 5 18 12 22 17 18 6 6 18 6 24 19 23 5 18 25 15 21 13 14 19 14 17 20 10 6 13 6 15 6 17 13 12 22 20 15 15 19 9 6 7 22 16 16 17 18 21 8 14 8 23 5 22 14 18 25 24 9 23 9 24 14 23 19 9 5 25 22 19 13 14 19 20 24 21 13 
9 19 17 9 25 17 9 18 20 21 19 17 6 15 23 20 8 7 12 18 15 19 9 17 12 10 8 11 17 5 14 22 11 21 14 11 6 19 14 16 13 22 21 10 9 7 18 9 6 5 17 6 8 14 16 14 8 18 7 22 20 23 8 11 9 10 6 5 19 7 18 22 9 22 13 6 5 16 10 9 9 23 13 12 11 8 22 6 13 15 12 18 14 17 14 14 18 8 15 14 
24 25 16 18 12 16 10 17 11 14 17 7 17 6 7 12 5 25 22 25 24 15 14 15 5 14 17 17 5 10 8 8 25 12 23 6 15 16 16 24 21 20 13 14 5 20 9 12 16 8 8 20 10 8 6 19 21 25 21 10 13 6 21 8 8 21 6 8 22 9 18 16 15 14 11 17 21 21 19 7 11 10 9 25 13 18 12 5 10 21 6 22 11 20 15 5 23 23 17 25 
10 15 12 14 15 24 20 25 19 20 21 23 18 6 10 8 6 20 23 19 6 24 10 19 24 11 19 18 16 14 16 14 10 8 23 7 22 21 25 25 11 22 7 11 7 16 13 20 15 7 11 13 22 15 6 8 6 12 8 15 21 18 25 17 24 18 18 14 20 19 7 22 19 9 16 17 12 22 19 9 16 6 24 11 11 22 6 17 8 9 5 14 10 20 22 11 22 7 16 23 
17 19 7 25 15 14 15 13 6 13 22 25 19 18 9 5 13 17 18 10 6 5 20 24 19 10 21 15 9 15 19 9 20 25 23 16 25 7 15 21 5 23 16 13 23 15 25 18 6 16 5 13 13 17 7 19 5 24 13 6 25 12 18 23 20 24 25 23 5 11 18 12 9 5 10 22 22 9 13 21 11 19 11 10 11 14 12 7 7 19 7 22 15 5 11 17 7 9 24 7 
5 23 7 8 16 5 12 18 20 24 7 14 12 12 12 25 16 21 23 25 5 20 9 16 21 16 21 18 17 18 7 14 7 15 20 19 7 6 5 6 14 16 23 8 11 25 5 21 14 17 16 16 23 15 20 6 15 20 20 21 25 12 19 5 23 15 13 24 8 20 10 13 11 20 5 22 18 8 22 20 24 16 17 14 25 16 19 6 22 5 25 9 8 18 19 24 17 22 15 13 
24 19 24 23 12 21 5 5 19 23 11 25 17 6 15 24 17 19 22 11 17 18 21 18 6 24 25 11 5 12 20 24 21 23 21 18 9 20 22 16 5 10 19 15 15 9 8 18 7 6 22 14 8 15 20 8 20 5 11 7 17 14 8 24 9 15 11 23 6 14 20 21 9 18 8 14 12 23 21 19 7 22 6 8 16 10 21 13 13 22 9 14 13 12 8 10 19 23 25 21 
19 13 10 18 25 16 19 20 15 17 24 20 7 16 25 6 12 9 7 15 11 17 7 11 25 5 15 10 25 19 25 13 15 21 13 13 7 21 7 13 23 18 15 20 24 24 19 20 19 16 14 25 20 17 11 16 16 5 8 19 21 19 13 21 13 15 14 23 15 11 6 11 23 5 20 10 9 23 8 19 13 25 19 22 8 16 21 8 23 20 19 23 24 23 9 5 5 11 25 11 
8 12 7 13 20 13 9 12 25 15 11 16 21 5 7 16 8 8 16 5 13 9 20 16 12 18 8 7 16 15 5 13 9 13 18 17 5 10 24 13 7 9 21 19 23 24 13 7 11 17 13 5 6 11 14 22 6 11 23 5 18 8 23 12 20 6 21 18 6 20 6 13 20 17 8 18 8 18 16 25 11 5 24 25 15 14 10 13 9 18 22 20 20 8 9 23 5 9 17 14 
19 18 12 20 5 14 22 23 22 23 23 25 6 24 17 18 22 23 5 15 25 16 11 7 20 5 5 5 14 24 5 21 14 18 18 10 9 20 25 19 18 25 5 15 13 6 20 22 22 16 21 18 19 7 14 6 9 25 18 14 15 15 20 11 12 5 12 12 18 21 19 16 23 6 6 13 12 11 15 10 23 8 7 24 21 21 10 13 10 5 20 9 19 15 12 23 6 20 6 21 
21 25 23 20 15 5 12 25 5 22 23 18 23 5 21 24 19 5 17 6 17 21 14 23 19 19 10 6 22 17 21 23 8 5 11 16 25 10 17 5 17 24 20 18 13 11 25 17 5 18 7 20 17 19 6 12 9 25 21 18 15 6 23 12 14 21 17 11 15 8 22 19 11 10 21 24 18 22 8 14 15 18 12 8 7 23 11 9 7 16 5 7 15 11 5 13 12 14 8 9 
20 19 15 20 18 16 14 7 9 6 11 15 22 11 18 8 20 9 11 12 10 22 23 8 22 9 9 21 19 10 12 15 5 16 10 13 25 22 10 20 16 11 15 5 24 5 10 12 14 9 14 9 20 14 9 11 9 13 23 16 12 22 9 12 9 7 9 9 24 11 11 12 16 17 12 5 21 13 9 15 5 9 14 18 17 10 17 6 20 9 19 14 13 23 21 24 22 17 22 13 
7 15 20 15 19 15 19 22 12 14 13 7 21 8 14 5 7 10 16 5 11 19 19 14 24 14 22 11 24 21 23 15 11 25 13 18 7 16 22 11 24 8 17 22 15 22 23 7 16 21 13 17 11 17 12 9 7 19 7 18 9 10 14 15 12 19 6 10 15 21 10 18 18 23 12 11 20 17 15 10 10 11 12 9 20 14 13 19 10 6 6 24 24 13 25 5 9 21 12 21 
68
68
68
68
68
68
68
68
68
68
68
68
68
68
68
68
68
68
68
68
13 8 11 16 7 3 11 14 5 10 13 12 6 5 10 12 7 19 8 3 6 9 7 11 15 13 15 5 9 12 7 9 7 8 6 11 13 13 10 11 9 6 6 6 12 19 8 15 14 11 14 3 11 13 11 18 18 7 14 3 7 7 9 11 5 3 16 4 16 5 11 12 15 13 14 13 4 12 12 3 8 5 11 10 6 7 14 13 8 4 10 6 12 3 11 8 11 9 17 15 
18 16 12 13 13 14 12 3 17 6 6 13 4 9 14 12 16 7 5 8 5 14 3 13 10 10 3 19 11 5 7 6 19 10 11 3 9 16 14 9 18 7 11 6 4 17 18 7 6 8 6 9 16 11 14 11 5 12 5 13 5 17 16 3 3 6 19 6 13 15 15 15 12 3 6 8 7 11 11 17 8 10 10 14 15 3 16 16 7 7 4 13 8 3 12 15 3 5 18 6 
17 15 8 5 8 19 9 10 12 11 14 8 16 6 3 4 4 17 9 6 6 8 10 8 15 7 6 12 5 10 11 9 4 8 8 11 4 7 17 4 8 8 15 17 4 4 13 9 13 10 16 15 9 10 5 13 10 11 11 10 15 8 13 19 11 17 8 3 13 8 3 13 6 13 8 10 13 9 12 5 10 4 13 9 7 13 9 8 11 4 7 14 14 20 7 11 10 18 12 7 
3 10 13 4 4 14 7 5 5 8 12 6 18 15 10 8 9 13 11 6 12 4 11 9 6 11 6 11 15 4 7 11 6 9 8 13 13 7 9 8 12 6 13 5 8 14 13 12 7 19 13 10 8 7 8 6 5 14 8 14 11 8 11 7 18 13 14 12 5 19 9 7 5 7 4 19 18 9 17 12 14 10 11 4 13 7 10 13 7 11 13 3 4 10 6 15 7 13 15 4 
4 12 14 10 13 14 8 12 17 5 12 9 6 16 15 6 17 8 7 10 7 4 12 11 9 9 14 7 10 3 9 14 3 16 9 12 14 7 11 6 5 13 9 11 4 6 9 3 6 12 10 9 4 16 16 9 6 5 13 5 6 11 14 4 11 6 5 8 16 8 3 12 13 12 10 10 5 13 4 11 18 11 11 9 7 7 17 8 8 13 3 15 17 13 7 8 16 13 8 14 
12 5 8 8 4 11 12 4 8 17 7 12 11 12 12 5 6 12 9 11 3 16 16 17 4 3 14 15 4 11 11 14 13 7 6 6 10 10 3 13 4 7 18 13 10 7 11 6 15 12 5 12 13 5 9 6 14 9 18 4 3 5 12 5 18 9 3 19 9 11 3 10 9 16 8 8 10 3 6 5 6 19 7 5 9 16 5 10 7 7 10 3 3 5 4 3 5 11 3 8 
5 13 3 10 14 10 5 14 10 13 8 4 13 9 6 5 6 8 11 5 17 11 3 8 14 11 8 4 4 17 11 16 16 7 4 12 16 18 8 18 15 8 10 3 11 14 4 13 5 19 11 12 13 7 14 4 8 10 9 8 3 8 8 11 8 15 4 13 14 4 9 9 9 6 13 14 5 5 10 12 8 8 13 5 7 7 8 11 6 14 5 8 11 5 8 5 9 7 19 11 
11 5 19 7 3 14 5 14 6 4 10 14 4 4 16 13 10 3 3 13 10 13 7 8 3 11 6 16 12 12 4 3 13 3 17 15 17 3 14 17 12 11 7 9 12 10 11 12 8 4 10 4 11 3 13 10 6 15 10 8 8 13 5 4 4 17 8 10 11 10 13 6 8 5 14 3 16 10 11 19 15 7 18 7 18 8 14 14 6 3 13 12 11 10 10 15 14 17 14 9 
7 10 9 6 16 9 5 11 11 15 10 11 4 8 16 11 5 4 8 14 10 13 7 10 8 5 5 8 10 4 8 17 8 12 10 7 3 10 8 10 8 11 13 5 5 5 10 7 4 4 10 4 6 10 10 10 6 10 4 11 13 15 5 6 5 7 5 3 13 4 12 14 5 14 7 4 3 8 8 7 5 17 8 7 9 5 14 3 9 11 8 10 11 13 10 10 9 6 10 7 
18 14 9 9 9 11 6 9 7 7 13 4 11 4 4 9 4 19 14 18 16 11 10 8 4 7 11 10 3 5 6 5 14 9 13 4 8 12 11 14 14 16 8 7 3 14 6 7 8 6 5 16 5 6 3 11 11 19 16 6 9 3 16 5 5 12 3 5 16 5 13 10 11 10 8 12 15 13 12 5 8 5 6 15 7 13 7 4 7 14 4 17 6 15 11 3 13 14 12 17 
6 8 9 8 8 13 13 13 14 11 13 17 12 4 5 5 3 11 16 14 5 15 7 15 17 8 14 12 10 8 12 9 7 6 13 5 12 12 15 15 6 12 5 7 4 13 8 12 12 4 6 10 13 11 4 6 4 9 6 8 11 12 18 10 17 14 10 7 14 12 5 11 14 7 8 11 6 16 13 7 12 4 17 9 8 12 4 9 4 7 3 9 6 12 14 6 17 5 9 14 
9 14 4 13 8 8 11 7 4 9 13 16 13 9 7 4 9 11 14 6 4 3 13 18 10 6 15 9 5 10 14 6 14 19 12 11 20 5 8 16 3 14 11 9 16 8 19 13 4 10 3 10 7 12 4 12 3 14 8 3 15 6 14 16 14 16 17 16 3 6 13 7 7 4 7 12 14 5 9 12 6 11 7 6 9 8 9 4 4 10 4 13 10 3 8 10 4 6 18 4 
4 16 5 6 10 4 8 14 13 16 5 7 10 7 9 19 12 13 17 14 4 14 7 10 16 11 11 13 9 10 4 11 4 8 14 14 4 4 3 5 11 10 13 6 8 18 3 12 9 11 10 12 14 9 14 4 10 14 11 12 17 8 15 3 13 9 8 16 4 15 7 10 9 12 3 13 12 5 14 10 16 12 11 10 19 10 14 4 17 3 14 7 4 13 11 13 11 17 8 7 
16 10 18 15 8 12 3 4 13 16 7 20 11 5 11 19 12 14 16 8 12 10 15 14 5 15 14 9 3 9 14 15 16 12 17 14 5 13 12 8 3 5 10 10 9 7 6 11 4 3 12 8 6 10 11 6 15 3 6 4 12 8 5 16 6 12 7 12 4 7 13 11 5 14 5 9 9 12 12 15 5 17 4 6 12 7 15 7 7 14 7 9 8 8 5 5 10 16 17 16 
12 7 5 12 16 11 12 16 8 9 17 14 5 11 20 4 7 7 5 10 6 11 5 8 15 3 11 5 14 10 14 8 11 11 10 10 6 16 5 8 18 14 10 16 15 15 15 11 11 11 8 13 13 9 7 11 12 4 4 11 14 10 8 14 10 8 11 18 12 9 4 7 18 3 10 6 6 12 6 14 7 18 14 16 6 13 16 6 17 14 12 18 18 17 7 3 3 7 13 6 
4 7 5 10 12 8 6 7 18 11 8 12 15 3 4 9 5 4 12 3 9 5 12 8 7 14 5 5 11 10 3 9 6 8 11 11 4 7 17 8 5 5 15 12 15 17 10 5 7 11 9 3 4 7 11 11 4 7 16 4 11 4 16 8 14 4 12 13 3 11 5 7 15 9 6 13 6 10 12 13 7 3 13 14 9 9 6 10 5 12 15 16 12 6 6 16 4 6 12 8 
13 14 6 14 3 10 17 14 16 13 16 14 4 19 11 14 11 12 4 11 13 11 8 5 16 3 4 3 10 17 4 15 8 11 10 7 5 12 15 13 10 17 4 10 9 3 13 17 13 13 15 10 13 5 7 3 5 17 10 8 11 8 13 7 7 3 8 7 10 11 12 12 13 4 3 7 6 8 9 7 15 6 5 16 16 12 7 9 5 3 11 6 14 11 7 17 5 11 4 15 
11 15 14 12 8 4 8 14 4 15 13 14 15 3 14 19 11 3 9 3 11 15 11 17 15 15 6 4 13 9 16 13 6 4 7 9 13 6 9 3 12 16 14 11 8 7 15 9 4 10 5 13 10 10 3 6 5 19 16 12 9 3 14 7 7 15 12 6 9 5 12 13 6 7 14 16 13 15 4 9 8 11 8 4 5 14 7 6 5 13 3 4 9 7 3 8 9 9 5 5 
15 13 11 13 13 8 9 5 6 5 6 12 16 7 14 5 15 6 9 7 7 17 16 6 13 6 6 15 14 6 9 10 3 10 7 10 20 16 7 11 9 6 8 3 13 3 8 9 10 5 9 6 11 9 7 7 7 9 16 11 6 12 7 9 5 4 7 6 14 9 7 7 10 11 9 3 11 10 5 10 3 6 8 12 10 7 10 4 14 5 11 9 9 13 11 14 14 10 14 9 
4 11 13 10 15 9 12 16 7 8 8 5 12 5 9 3 4 5 10 3 6 12 12 9 17 10 15 8 14 13 12 8 8 14 9 10 5 10 12 6 13 4 12 12 9 14 13 5 10 12 10 11 7 12 9 7 5 13 4 14 6 5 11 9 9 12 4 6 8 14 6 9 14 17 7 6 12 11 9 6 5 7 8 6 15 9 8 13 6 4 4 18 18 8 14 3 5 11 8 15 
32 20 19 31 19 7 21 25 10 19 26 21 10 11 20 21 17 36 21 7 13 23 13 23 32 28 30 7 14 28 16 25 14 17 10 22 34 22 24 19 23 12 16 10 35 34 20 25 25 21 30 7 25 21 28 34 33 15 26 6 16 16 17 23 12 6 26 10 30 7 22 20 36 32 28 27 8 29 27 7 22 13 24 21 15 13 32 24 13 8 20 11 25 7 26 13 21 14 28 26 
29 27 25 27 23 23 24 7 31 13 14 28 7 24 29 26 32 14 12 16 9 24 7 23 24 20 8 30 31 8 11 14 32 22 23 7 22 32 33 19 34 17 22 10 8 28 31 13 16 15 16 16 35 23 27 26 10 26 11 28 10 35 37 6 6 13 32 14 34 27 30 27 34 7 13 15 12 24 26 34 21 22 24 29 37 7 34 27 11 13 8 28 17 7 24 25 8 10 33 10 
29 29 21 13 14 30 23 23 19 25 24 18 28 16 7 8 9 32 26 11 11 13 22 18 29 16 11 23 11 23 19 18 9 15 16 23 9 14 31 9 20 22 26 33 6 7 30 19 25 30 35 34 21 23 10 25 19 22 21 23 28 16 28 32 24 32 18 8 33 16 7 30 17 32 19 17 25 18 27 9 27 6 21 16 16 33 15 21 26 10 21 23 30 37 17 18 20 31 33 16 
7 20 31 8 8 27 16 11 7 19 24 15 34 27 16 20 17 22 18 13 29 8 24 23 13 25 10 20 32 12 17 20 17 22 16 22 36 14 20 22 23 12 32 13 15 28 25 28 13 34 23 24 15 12 20 13 10 29 18 28 28 13 30 15 37 24 30 23 8 32 17 11 9 12 9 36 31 19 29 36 22 18 31 8 23 12 18 23 14 23 23 6 7 22 15 26 16 25 27 9 
7 23 23 24 36 30 15 20 28 9 31 18 14 29 31 11 30 17 17 18 14 7 26 26 24 17 23 18 21 7 20 31 6 34 19 26 32 15 26 11 13 25 16 26 9 13 22 7 11 24 22 20 8 31 28 16 12 12 32 11 15 22 34 7 28 13 8 18 37 15 8 30 24 22 22 19 9 31 10 22 31 20 23 20 18 16 32 21 18 24 7 30 34 29 11 19 32 23 16 25 
36 9 19 20 9 24 25 8 15 37 14 22 21 28 24 10 13 29 19 28 7 30 30 31 10 7 30 28 8 28 19 27 33 16 12 14 25 22 7 32 7 15 33 27 21 14 21 13 31 27 11 21 25 11 24 12 25 15 31 9 8 11 29 10 33 22 7 33 14 18 9 27 19 29 15 14 24 6 11 14 12 34 16 12 21 32 13 20 14 17 22 9 7 13 7 8 10 23 7 22 
13 23 6 18 29 24 13 26 17 21 18 9 23 21 14 11 13 16 20 8 29 24 6 22 26 30 20 10 9 33 19 29 30 16 10 28 27 31 19 33 34 14 24 6 17 30 9 32 11 30 22 30 21 14 24 10 17 20 23 17 6 20 15 29 16 26 9 24 28 11 21 23 24 11 27 33 10 9 20 26 16 15 26 10 16 12 17 27 11 28 9 18 22 12 17 12 21 15 30 26 
20 12 30 13 9 32 11 36 16 9 17 28 8 7 28 25 23 7 8 25 19 27 13 13 7 26 16 28 21 27 8 8 26 8 33 28 34 6 24 36 22 27 16 20 27 19 25 29 14 9 16 8 21 8 22 18 15 32 27 19 21 26 13 8 10 32 22 23 25 25 29 12 17 10 32 7 33 17 26 37 31 13 32 13 33 17 31 28 12 7 31 31 25 18 18 28 30 31 28 18 
11 23 21 13 34 25 11 25 26 27 27 22 8 22 31 26 11 9 17 23 19 25 12 22 16 12 10 15 25 7 20 29 15 31 19 16 8 24 18 21 18 29 31 15 12 10 25 12 8 6 21 9 12 19 21 18 11 26 10 27 28 32 12 16 13 14 8 7 24 10 23 33 12 31 17 9 7 20 13 13 11 30 17 18 16 10 31 8 16 18 17 24 21 25 18 20 22 12 22 19 
30 31 23 23 15 22 13 23 15 20 22 10 22 7 10 15 7 34 30 35 33 19 19 22 7 18 25 21 6 14 11 11 31 16 34 9 20 20 22 31 28 26 17 19 7 25 13 17 21 11 12 25 12 12 7 24 28 36 27 13 16 9 31 12 10 30 7 12 28 12 26 19 21 20 15 23 31 28 23 10 15 12 11 35 19 26 15 7 14 31 8 29 14 27 22 6 34 33 24 32 
14 20 16 18 21 35 27 37 23 29 31 29 25 7 13 10 8 28 30 28 7 29 15 26 33 15 25 25 23 21 24 19 14 10 34 9 32 25 31 34 15 31 9 15 10 23 17 28 20 9 16 16 29 22 8 10 9 15 11 18 30 25 36 25 34 23 26 17 30 27 10 28 24 11 22 25 16 32 24 11 22 7 31 16 16 30 8 21 11 11 7 20 14 28 32 15 28 10 23 28 
22 27 9 35 19 18 21 18 9 16 33 36 24 24 13 7 19 24 26 13 8 7 24 33 28 13 26 20 12 19 25 13 29 32 31 22 35 10 21 27 6 29 23 17 33 22 35 25 8 19 7 19 19 25 9 27 7 34 17 8 36 17 25 31 27 36 37 34 7 16 24 17 11 6 12 28 31 12 19 31 15 25 15 13 14 20 15 10 9 23 10 27 18 6 13 22 9 13 34 10 
7 28 9 12 22 7 15 22 26 30 9 19 15 17 17 31 20 26 28 32 6 25 13 19 31 20 26 22 25 25 10 19 8 21 25 25 9 8 7 8 20 20 29 10 14 35 7 30 20 25 20 24 34 19 26 8 22 30 25 29 36 17 27 7 31 22 16 34 11 29 13 19 14 28 7 32 23 10 32 24 35 21 21 19 36 22 27 9 31 7 30 11 10 24 25 32 25 32 21 16 
32 27 30 29 17 28 6 7 24 31 16 33 21 8 20 33 22 26 29 16 25 26 28 25 9 30 36 14 6 16 25 32 27 32 27 23 11 25 27 19 7 14 26 21 20 13 12 27 9 8 31 20 12 21 27 11 27 7 13 9 21 19 12 36 13 22 16 34 7 18 27 28 13 22 12 20 15 31 31 27 9 27 8 11 23 13 25 16 18 32 11 20 16 17 11 13 25 33 35 26 
27 16 15 22 30 24 23 28 19 23 32 27 9 21 34 7 15 12 9 21 14 22 9 14 37 7 19 15 33 28 31 19 22 30 18 17 9 29 9 19 34 24 21 25 35 33 24 27 26 23 19 31 29 24 15 20 24 7 11 26 28 26 17 31 19 18 20 32 19 16 7 16 34 6 29 14 13 29 10 25 18 30 28 28 10 19 27 12 30 25 25 29 33 34 13 7 6 16 32 16 
10 17 10 19 26 18 13 16 33 22 16 23 27 7 9 22 10 11 22 7 18 11 27 20 15 26 12 9 19 22 7 16 13 19 27 22 6 13 32 17 9 11 30 27 33 32 19 10 16 22 16 7 8 14 21 29 8 15 31 7 23 11 31 16 28 9 29 23 9 26 8 16 26 21 12 23 12 22 20 33 14 6 31 33 19 19 13 16 12 25 29 28 30 12 13 29 7 13 23 19 
24 24 15 27 7 17 33 31 28 33 31 34 7 32 23 26 32 32 7 21 36 23 16 9 27 6 7 7 21 32 7 28 17 24 26 15 12 28 32 23 23 32 7 19 19 9 25 27 26 22 27 22 28 10 18 9 11 34 25 18 22 22 28 14 16 7 15 16 24 31 23 20 33 7 8 16 15 14 22 14 31 11 10 35 28 31 14 18 13 7 27 12 25 18 15 28 8 29 9 27 
25 32 34 26 19 7 15 35 7 29 34 24 30 6 31 35 26 7 24 7 25 27 18 31 28 24 13 8 29 22 29 33 10 7 16 23 32 13 22 7 25 30 30 25 19 15 33 25 7 23 9 26 22 23 9 15 12 35 26 23 18 7 29 17 17 26 21 16 21 12 27 25 16 15 31 29 25 32 10 19 22 24 17 12 9 34 14 12 8 22 7 10 21 14 7 18 16 20 12 12 
27 25 20 28 24 22 18 9 13 8 14 19 29 16 24 11 28 13 15 18 15 31 33 12 30 13 11 27 28 14 16 19 6 22 14 16 35 31 14 28 24 14 21 6 33 6 13 17 20 11 17 11 28 18 11 13 11 17 30 23 14 30 13 16 13 10 13 11 35 15 13 16 20 24 17 6 31 19 12 21 7 13 20 23 21 12 23 8 27 13 27 18 16 29 28 31 32 25 27 16 
9 22 29 21 23 19 28 29 14 19 17 10 31 11 18 6 10 13 22 6 16 24 24 19 33 21 29 16 32 30 31 19 16 35 18 25 9 20 32 15 32 12 22 27 18 31 34 10 22 27 17 23 14 21 17 12 8 26 9 24 13 14 20 20 16 28 8 13 20 30 13 26 24 28 15 16 25 25 21 13 14 15 16 12 26 18 16 28 14 9 7 29 31 18 35 7 12 28 15 28 
