20 200
37 17 44 29 48 20 39 10 27 44 46 42 15 18 18 35 47 43 12 12 39 17 21 19 23 43 47 50 45 17 17 47 48 44 29 19 49 26 33 50 11 36 22 29 28 33 33 31 31 18 47 24 49 29 34 41 41 44 35 23 46 45 21 25 40 27 42 26 21 40 43 36 38 22 20 37 17 17 44 29 16 20 29 46 19 14 29 20 20 18 37 35 41 14 43 38 26 42 37 39 18 45 48 31 31 48 46 15 43 38 12 44 26 17 43 14 49 39 18 38 36 47 44 45 34 18 19 21 44 32 27 27 16 31 17 14 16 29 38 13 47 13 12 10 28 46 27 11 34 17 11 13 27 39 22 31 28 39 43 28 30 49 35 18 37 36 36 46 46 28 29 18 16 29 33 24 12 12 11 12 39 34 49 27 34 11 30 29 34 27 38 33 28 11 20 20 25 28 23 22 
31 18 26 38 23 21 14 16 35 11 42 13 10 19 47 35 45 12 23 17 23 21 43 48 26 30 33 18 50 25 11 42 31 42 49 15 21 11 14 38 13 47 16 31 18 35 34 32 27 38 47 28 12 29 11 43 34 43 19 16 22 50 25 39 48 48 10 36 50 34 41 20 11 30 47 18 17 30 32 14 16 31 42 37 21 28 49 27 47 14 18 37 19 17 46 28 25 14 40 42 28 49 17 11 34 23 20 26 45 44 19 16 28 46 43 34 34 44 15 50 41 22 44 44 41 10 46 21 13 29 38 35 44 26 20 19 33 34 37 48 23 42 46 28 23 43 18 30 38 30 46 37 18 49 41 14 50 41 32 32 45 50 40 36 27 24 41 10 20 22 49 11 37 41 36 42 27 14 31 17 25 29 26 35 47 28 11 31 13 47 46 29 16 19 14 43 29 30 24 29 
33 14 24 27 15 25 25 47 49 19 37 41 30 14 38 48 13 41 10 30 23 19 43 22 48 33 25 34 29 42 27 40 14 28 24 21 12 28 49 32 38 25 44 10 12 45 37 39 32 38 23 49 13 36 10 18 43 12 27 45 46 21 21 45 48 26 44 21 45 11 49 24 13 29 37 50 13 30 11 10 40 38 14 23 44 21 10 25 50 30 32 11 25 24 14 45 43 42 11 30 10 26 46 50 12 16 11 25 40 49 25 43 37 49 37 26 15 32 20 49 20 24 23 49 35 32 44 41 10 19 30 33 16 11 13 13 20 43 20 19 22 26 12 14 49 26 42 32 35 11 50 11 49 45 37 48 26 36 24 31 29 48 14 32 50 36 37 18 43 29 46 13 14 19 24 46 41 38 32 32 11 33 20 37 15 49 47 41 36 37 21 14 37 47 16 49 21 16 37 48 
31 50 49 50 35 11 24 11 48 15 23 37 19 17 10 48 22 23 37 38 23 42 16 25 38 46 17 42 47 39 48 42 40 44 39 27 23 36 10 29 43 43 47 35 15 14 10 42 36 21 47 28 32 28 23 19 20 22 16 30 46 38 16 20 28 20 43 25 45 14 13 11 27 31 26 36 41 43 47 21 47 49 49 18 27 23 11 32 35 20 24 12 21 37 47 42 17 18 20 18 50 37 18 33 23 41 20 26 21 11 16 22 28 17 28 37 21 21 21 13 37 37 25 44 20 27 31 43 14 24 25 45 29 43 45 46 38 42 21 10 44 37 11 41 19 27 27 48 29 25 49 36 44 13 18 40 12 50 21 41 47 14 44 39 21 21 24 39 21 30 33 13 41 43 39 34 40 10 18 35 27 49 44 10 19 44 16 13 11 35 18 10 10 32 37 32 24 47 43 44 
28 34 35 38 29 44 17 35 16 44 30 41 39 31 30 45 29 48 45 37 37 40 19 44 20 31 20 39 43 47 22 48 16 28 21 26 28 22 21 37 18 36 23 48 49 44 22 47 44 14 23 43 28 12 15 35 19 33 20 49 45 34 34 37 48 16 39 18 22 50 38 32 17 43 13 16 48 45 34 43 16 44 46 19 13 28 29 33 50 49 40 32 41 33 28 38 48 31 27 34 38 47 47 49 10 30 29 44 28 42 27 17 45 23 20 15 19 10 40 49 22 37 15 16 47 34 23 35 47 14 20 31 26 21 24 38 17 30 34 49 27 50 42 35 50 26 27 20 41 14 17 11 28 27 15 50 42 39 36 11 16 17 27 26 21 33 17 27 43 26 43 49 45 14 28 38 15 40 42 38 33 21 50 47 22 35 45 37 47 14 36 29 34 38 28 15 23 25 29 43 
34 29 48 37 47 50 12 49 33 37 11 14 37 22 13 42 26 26 39 23 50 21 23 28 41 24 20 12 33 36 15 31 43 40 11 29 41 38 15 45 12 19 21 33 17 15 22 41 42 35 29 31 41 46 36 29 41 32 12 10 18 27 47 14 24 46 32 17 39 28 49 48 11 17 45 36 21 10 23 47 16 46 19 24 12 41 23 50 21 28 27 21 27 13 25 17 38 25 20 12 16 43 39 33 29 12 32 24 20 24 37 23 42 29 30 22 44 13 10 27 35 46 22 36 33 13 49 20 46 25 22 46 34 29 28 17 50 11 28 19 31 43 36 10 31 25 10 25 14 16 12 16 37 28 47 23 14 19 49 44 35 39 17 46 33 25 50 17 41 11 50 18 32 19 29 49 45 25 50 11 11 29 43 32 47 26 46 10 32 30 28 28 15 11 37 40 42 37 12 46 
33 40 48 39 45 38 18 15 43 46 44 17 43 45 26 48 27 41 16 46 31 12 27 30 21 35 48 35 11 38 17 34 41 31 27 37 18 30 38 29 13 14 28 20 41 20 40 35 45 20 11 34 39 23 38 27 30 30 30 16 15 13 41 35 24 27 47 28 21 17 38 46 44 47 50 13 22 46 38 46 32 23 16 19 49 48 46 33 44 27 17 27 11 34 12 19 45 20 19 47 50 30 41 18 49 47 49 10 47 16 47 48 21 16 29 25 16 39 31 24 47 46 19 11 43 23 15 34 29 33 30 23 19 24 23 22 45 28 20 45 19 38 45 50 31 34 25 13 21 41 46 11 49 12 15 50 35 29 46 47 48 34 18 30 12 49 36 50 34 32 12 45 46 24 47 18 23 20 28 44 27 24 19 48 43 44 41 42 37 30 14 25 33 22 19 37 36 38 43 50 
40 49 47 42 39 19 21 40 23 29 41 37 42 49 31 23 45 45 25 28 23 14 26 14 23 24 40 32 17 17 41 14 31 19 40 44 34 35 48 39 41 21 37 50 36 23 36 26 15 28 32 26 49 17 18 16 40 16 21 24 50 20 22 10 39 30 41 39 28 10 42 18 29 27 45 39 24 27 22 25 18 38 15 31 15 45 45 36 47 44 38 38 31 48 12 27 41 39 33 31 26 15 33 19 45 25 25 20 25 25 13 27 21 25 28 18 28 30 29 33 33 18 18 38 20 32 30 49 36 31 13 46 33 48 43 45 49 24 34 29 21 32 24 37 16 49 11 23 34 34 11 48 11 43 25 50 42 31 49 20 48 21 33 46 18 35 49 11 24 21 20 37 38 33 25 19 18 39 46 18 25 50 25 39 19 50 15 35 45 35 35 46 42 12 37 14 38 31 19 40 
20 40 28 36 26 20 18 15 26 32 21 33 39 36 16 45 34 36 37 13 19 39 28 27 11 36 22 32 28 22 40 45 28 14 33 38 19 35 43 29 23 14 43 40 33 42 48 21 21 33 35 27 42 50 24 25 50 34 42 38 50 39 27 23 24 29 26 30 13 48 49 20 15 41 29 27 11 44 10 43 48 15 47 13 31 41 49 20 35 13 41 30 49 46 11 50 47 34 11 22 10 37 20 27 33 36 34 42 21 29 36 25 45 31 43 10 30 37 45 31 31 14 20 27 13 10 19 37 39 10 47 40 15 31 17 48 50 32 43 32 32 31 44 38 48 33 48 34 45 30 27 34 42 23 32 23 17 34 29 17 49 48 45 50 37 25 10 39 24 50 16 41 20 15 31 35 35 46 21 38 47 19 45 45 17 15 23 33 16 23 13 21 26 22 50 35 46 25 46 37 
17 19 50 13 43 32 26 46 49 42 15 38 10 15 21 40 11 35 36 11 10 15 18 38 25 41 41 40 20 45 45 34 35 19 48 33 42 24 13 18 35 20 15 25 32 37 32 31 22 35 44 50 44 16 44 15 44 40 12 45 18 27 39 25 25 38 13 40 43 20 49 21 44 13 22 10 15 31 29 31 28 38 35 18 43 41 44 22 24 23 10 11 24 43 16 41 42 11 43 35 36 19 22 40 30 37 50 25 24 32 35 11 36 14 11 47 20 29 46 42 12 22 15 39 25 12 38 31 40 23 44 37 14 29 19 19 50 20 44 37 48 45 28 22 34 44 29 45 31 15 31 20 37 20 22 44 12 25 38 25 42 29 18 44 14 25 39 24 24 38 47 33 40 44 20 31 32 34 38 17 13 40 14 19 31 27 38 45 21 18 26 12 50 10 25 32 38 32 31 37 
19 35 33 20 37 10 17 45 29 42 42 32 31 31 45 23 32 41 44 37 49 18 44 17 12 18 11 37 48 44 22 38 44 25 31 23 39 15 16 30 43 32 16 12 28 47 45 50 19 10 37 34 18 20 46 27 21 13 24 32 13 23 33 49 49 10 44 46 50 18 12 32 38 41 33 23 38 35 10 41 39 32 26 29 15 29 24 25 30 23 39 50 26 20 35 47 11 22 47 29 38 27 31 14 40 10 16 25 11 29 12 13 38 31 34 35 10 15 41 34 20 27 49 23 22 16 35 10 11 40 30 16 15 19 12 18 20 32 24 39 27 35 34 24 28 41 16 41 17 42 33 35 33 30 16 20 21 38 34 36 33 31 38 26 38 20 11 45 14 27 10 25 48 25 12 10 45 45 25 16 12 18 12 10 15 27 43 12 47 45 27 17 43 33 47 17 43 24 35 14 
41 25 18 42 36 21 40 24 28 14 45 30 16 24 23 17 18 43 41 26 44 41 43 10 33 33 49 48 15 36 46 46 20 44 29 46 43 14 40 41 20 31 32 49 15 26 24 34 34 49 15 27 46 42 21 26 17 45 48 33 20 25 38 15 19 50 36 13 40 43 12 31 49 42 40 17 37 41 48 38 42 47 28 42 45 31 18 36 35 32 22 28 49 14 41 40 48 39 46 18 44 34 31 47 45 25 12 20 33 14 40 44 42 25 32 33 41 42 46 10 29 26 46 27 15 33 38 33 19 36 39 35 34 46 40 15 41 28 30 41 41 20 19 26 21 46 36 25 35 34 24 39 45 50 44 43 37 39 46 30 30 13 50 14 36 24 19 27 16 47 25 41 20 20 40 38 27 34 19 18 33 18 31 48 33 31 36 25 36 39 34 21 43 13 48 49 35 42 24 48 
12 23 25 41 13 27 29 50 13 26 19 33 44 12 18 45 47 49 15 24 18 49 48 39 40 26 13 47 24 22 21 44 15 10 30 40 29 19 28 33 36 48 44 29 43 45 49 33 44 50 31 30 32 13 44 33 31 32 24 17 39 17 12 18 34 12 14 15 37 27 32 37 16 32 35 23 45 31 21 17 45 10 23 49 10 47 13 31 48 39 49 26 37 48 33 15 22 17 46 46 12 48 28 28 17 21 31 11 31 15 28 41 15 16 26 26 10 29 24 20 26 43 31 41 20 22 30 38 35 44 46 25 14 48 39 14 47 49 41 10 27 12 34 24 24 19 50 49 12 12 12 28 47 29 47 46 37 19 27 46 35 21 30 29 25 42 41 42 15 11 49 13 19 44 40 48 44 43 36 19 41 15 33 38 11 13 28 43 16 45 41 37 46 25 29 29 31 14 44 33 
21 41 11 33 41 20 37 30 29 16 20 19 44 28 11 33 50 39 39 15 12 35 41 11 34 42 44 17 20 37 10 31 20 12 22 21 48 22 12 50 42 21 12 32 11 46 29 37 29 16 38 44 43 14 31 47 34 45 12 46 28 33 19 38 37 33 25 27 39 18 29 20 45 45 37 15 20 34 39 30 47 47 37 27 48 14 50 16 19 36 45 22 10 10 20 14 37 38 19 42 18 26 19 20 26 25 11 29 29 49 29 32 19 20 21 46 14 38 46 37 31 48 25 35 50 30 38 39 11 31 16 30 31 31 31 42 36 47 25 30 42 32 21 21 11 13 32 35 50 15 47 19 10 20 12 31 29 39 10 30 13 45 45 21 50 28 28 37 29 25 25 36 24 17 31 15 26 14 41 31 27 47 30 38 46 44 37 16 39 32 32 23 42 19 24 18 49 21 44 38 
26 24 50 39 26 44 27 30 15 39 35 49 24 38 50 42 47 34 25 14 10 16 26 15 37 47 47 47 45 23 30 35 27 15 29 15 23 42 12 40 31 10 16 41 39 27 30 20 27 18 37 29 40 46 34 40 46 44 22 29 21 13 48 15 20 40 32 36 32 29 24 19 31 42 39 20 36 18 11 43 27 12 23 41 27 21 50 49 14 39 32 26 44 23 35 49 14 47 16 32 36 33 11 19 36 37 10 17 23 28 29 15 27 20 32 11 35 15 18 35 39 48 50 38 21 10 42 40 44 15 38 34 18 50 40 11 50 44 14 42 11 38 29 45 32 35 45 40 11 28 43 29 33 36 25 45 27 23 33 14 45 33 42 10 50 44 46 47 22 23 25 43 16 40 34 34 33 37 13 44 28 28 16 19 19 37 41 44 18 36 47 37 20 15 31 29 43 27 42 11 
45 44 33 25 17 33 17 47 41 37 28 41 40 34 28 33 40 33 34 10 37 36 35 49 34 26 19 15 34 24 33 34 34 42 41 17 36 29 29 25 14 35 29 25 44 31 41 18 44 36 33 21 45 14 23 32 14 40 35 35 23 23 18 41 48 22 26 22 18 45 31 30 13 17 13 12 43 14 50 40 42 45 44 50 12 15 31 46 36 18 42 10 16 25 31 36 11 19 19 24 36 26 20 41 43 42 29 35 43 29 45 42 29 50 44 48 30 50 32 30 32 33 14 46 19 37 17 22 30 18 25 25 41 50 26 35 50 33 19 25 14 47 50 47 26 27 23 28 35 15 31 42 45 22 23 20 45 38 37 44 37 29 21 46 33 39 33 31 47 26 20 12 10 49 41 37 34 23 27 20 46 23 31 17 16 36 32 36 28 11 25 20 25 12 42 45 11 47 17 43 
28 42 44 48 49 26 30 32 39 34 36 34 46 30 26 11 36 30 19 50 29 34 29 32 13 38 10 42 22 15 31 46 14 13 34 37 29 16 22 12 13 42 42 16 22 41 43 39 13 31 13 39 29 27 11 37 45 45 27 34 34 15 40 12 50 21 27 29 18 29 15 34 29 20 11 14 46 32 25 31 44 14 22 41 15 45 46 33 23 38 46 36 20 46 42 36 38 13 38 48 44 39 41 35 26 10 44 12 31 26 27 41 47 22 22 30 19 26 43 15 40 14 33 44 37 34 29 47 32 48 49 18 17 31 47 31 44 42 13 14 16 15 19 37 43 48 47 41 35 41 23 19 48 38 10 29 23 38 29 12 26 11 20 44 15 41 10 34 28 13 49 44 43 42 44 28 41 31 21 45 19 48 47 39 23 42 11 25 44 42 20 23 37 19 46 46 38 29 27 19 
28 12 10 22 37 35 18 22 28 22 47 32 13 13 41 25 49 28 45 43 46 40 17 46 27 15 32 45 49 49 23 38 37 36 14 50 48 12 13 27 20 19 36 14 25 35 11 50 27 27 13 32 21 36 28 46 22 13 18 40 14 40 40 19 31 28 28 45 49 43 12 46 14 10 37 19 21 14 35 23 49 18 31 40 46 42 13 26 32 13 20 50 27 30 31 13 50 43 36 25 17 41 35 42 30 10 30 15 15 27 24 12 24 50 30 14 36 37 49 32 50 48 26 30 20 17 27 27 38 43 33 27 13 12 12 19 35 25 50 28 25 35 44 46 50 39 31 42 37 11 43 25 10 13 36 38 13 50 49 29 44 19 30 27 22 11 30 19 15 47 26 21 30 48 34 29 46 10 33 25 12 43 17 45 37 39 26 26 29 20 32 22 18 32 11 18 31 19 49 42 
25 18 20 20 14 45 46 26 35 19 46 50 15 17 29 11 32 41 26 49 12 34 26 12 16 10 14 13 33 27 19 46 20 30 29 27 47 15 47 22 24 28 13 15 18 31 49 43 44 45 39 17 33 44 37 42 37 31 10 44 23 36 10 27 20 42 22 22 37 36 38 38 45 29 16 45 39 28 39 16 25 25 41 21 46 50 19 33 23 41 24 40 42 12 42 24 29 43 24 46 22 33 11 15 31 44 24 38 17 42 37 49 31 23 23 11 47 23 45 24 22 13 15 31 10 15 48 31 34 50 30 37 42 20 37 14 22 40 24 31 21 33 36 11 20 32 29 36 37 23 18 17 23 35 37 24 18 30 38 42 47 28 13 33 17 21 16 12 40 15 15 43 37 13 19 20 16 31 38 41 22 36 38 48 41 15 34 46 34 12 12 50 21 12 37 50 37 28 43 28 
50 39 11 29 18 41 47 26 27 30 40 31 10 19 37 34 33 18 48 21 33 45 49 44 17 27 21 43 29 42 48 36 41 46 39 44 43 24 10 20 42 26 42 31 13 17 20 50 20 11 12 15 34 20 13 17 37 44 17 24 50 31 32 11 28 39 19 40 28 39 37 32 35 47 21 46 49 46 28 10 49 35 35 30 17 40 12 37 26 24 12 28 36 15 34 49 48 12 47 31 19 12 46 49 46 26 13 14 14 45 13 29 27 37 37 48 10 13 22 10 35 36 46 25 10 20 42 39 41 28 30 47 24 38 30 18 14 49 23 19 14 47 44 16 49 32 33 27 43 18 12 45 17 20 10 46 37 43 43 33 11 16 50 16 14 18 19 46 27 27 33 39 38 12 20 44 29 25 13 28 27 24 27 44 30 21 14 16 26 47 11 42 29 16 44 10 44 24 33 36 
24 5 17 22 24 22 18 8 10 10 15 12 21 19 9 12 8 8 14 10 19 25 6 19 6 21 8 22 12 13 12 14 12 6 13 8 6 24 13 8 5 24 17 18 23 16 17 21 21 9 22 14 12 8 12 13 6 11 6 24 15 7 20 10 8 22 6 22 13 5 11 8 6 7 5 12 20 25 12 7 7 20 17 25 7 22 18 22 18 12 9 18 17 17 11 22 14 10 16 6 17 12 11 17 9 8 6 19 9 10 6 20 16 6 24 23 20 9 23 24 14 7 11 12 24 20 6 13 22 7 7 15 12 11 9 22 22 25 7 11 6 7 7 24 6 12 9 13 23 24 20 16 20 16 17 24 24 20 22 10 19 22 14 8 15 16 19 11 5 14 6 10 12 10 21 22 9 12 13 14 15 19 21 16 11 8 16 19 6 6 9 18 20 17 15 20 23 22 10 13 
13 24 6 7 6 20 6 21 8 18 15 11 14 12 14 21 18 13 7 15 25 12 19 20 16 10 18 8 15 11 8 12 9 19 20 24 12 22 24 24 18 13 6 21 23 10 5 7 19 9 13 16 11 14 19 20 6 14 14 6 15 9 19 15 10 17 24 10 15 24 8 13 25 18 25 7 21 18 16 10 7 13 6 18 23 12 12 22 5 14 5 12 5 7 21 7 25 10 22 25 21 22 12 13 7 5 12 5 16 9 5 24 8 14 24 25 16 14 20 5 17 12 19 14 12 18 12 13 11 6 5 17 18 12 24 24 18 25 21 19 12 21 8 24 16 17 9 8 10 10 19 15 18 23 7 12 22 22 7 17 24 6 13 5 17 17 9 7 18 16 6 20 20 13 20 23 20 19 17 13 8 13 24 9 16 15 13 13 25 21 17 21 25 25 10 17 10 25 12 25 
21 17 15 11 7 12 6 14 19 14 23 12 12 24 5 10 12 14 24 15 11 23 10 8 10 13 8 9 11 5 12 15 14 19 17 5 7 6 17 9 25 8 14 5 6 5 13 17 19 17 12 24 15 20 10 22 8 15 7 7 18 15 25 19 15 7 10 24 15 11 13 22 22 24 23 5 19 25 10 8 19 18 22 14 11 7 19 22 19 9 11 9 5 13 25 14 14 23 20 15 25 25 16 22 25 16 6 11 19 14 21 23 8 22 21 13 15 8 16 10 12 9 14 19 15 25 21 19 13 18 17 22 14 10 23 20 21 16 13 13 15 9 22 19 16 11 23 15 6 5 17 6 12 23 14 9 8 17 22 11 6 22 22 11 24 14 6 5 9 8 15 11 22 13 9 13 22 22 12 24 6 10 13 10 14 10 18 7 8 25 10 8 18 18 19 23 15 8 19 8 
22 12 12 12 13 10 16 23 16 25 16 12 16 15 14 20 25 9 20 24 22 24 9 5 6 24 21 25 10 9 6 17 21 21 10 16 5 9 11 23 23 23 12 24 20 18 6 15 23 9 19 22 14 17 14 19 22 10 6 15 16 17 15 19 22 21 24 8 16 25 22 9 17 15 21 9 25 23 12 13 19 17 23 14 15 10 22 24 24 24 23 19 18 16 5 23 10 16 12 7 6 14 10 17 5 16 14 12 18 16 12 10 16 10 25 22 15 14 22 14 5 25 23 14 6 16 15 14 6 23 24 18 17 22 16 20 8 12 6 23 10 7 24 24 9 24 5 15 8 24 25 24 13 8 5 6 11 10 21 20 19 11 12 16 13 14 18 11 16 6 24 21 12 15 18 9 24 5 13 15 9 18 14 5 23 24 19 9 5 17 14 25 11 7 18 5 19 23 7 24 
11 15 13 16 19 18 7 22 19 17 22 10 13 20 13 13 24 14 16 7 24 18 24 14 17 10 10 22 23 23 16 10 8 8 14 7 25 20 20 15 24 17 12 20 20 20 20 18 15 18 18 15 23 20 15 12 23 15 24 8 14 15 12 23 15 12 9 24 6 10 18 25 21 14 14 12 10 7 12 11 11 7 11 16 20 14 11 23 6 9 19 17 24 24 19 10 8 25 10 23 5 24 24 24 24 17 21 25 25 21 21 23 16 8 10 21 16 16 12 8 17 15 25 11 5 19 19 25 19 22 15 11 22 15 14 24 19 23 16 25 8 22 17 24 25 24 18 13 14 25 13 12 18 11 17 22 14 13 8 16 9 9 8 5 18 8 5 17 24 7 7 7 7 14 5 23 6 7 20 23 17 25 8 15 21 8 17 10 6 24 25 12 13 12 20 12 20 8 8 16 
7 20 11 21 9 9 12 9 21 9 13 11 10 25 7 18 11 13 16 7 22 13 18 22 17 6 10 5 13 7 12 10 12 23 9 18 24 22 16 11 19 14 18 7 23 17 19 23 8 25 7 12 20 8 17 14 18 24 24 11 7 20 22 11 9 13 12 24 23 8 14 16 6 21 24 12 23 20 25 8 20 18 16 14 24 20 8 15 5 9 12 24 13 25 20 7 6 24 15 13 20 14 20 11 17 22 5 13 23 14 6 14 6 23 11 12 19 23 14 11 23 24 14 25 22 6 6 8 19 20 23 7 9 5 6 22 19 25 6 9 15 6 22 19 23 23 9 14 9 16 13 9 21 21 17 7 8 12 16 22 16 23 24 22 10 14 20 14 11 11 16 6 17 6 25 20 12 14 14 16 5 25 23 14 6 11 13 15 9 16 23 16 18 7 16 16 21 17 25 14 
5 17 9 24 23 9 8 15 12 10 16 6 16 17 16 10 17 16 22 19 23 14 16 19 19 24 23 22 21 13 24 25 5 12 10 5 13 14 19 22 11 18 11 21 14 5 22 22 21 15 8 19 7 7 22 15 22 14 14 22 15 9 15 10 25 23 8 7 9 25 24 16 9 18 5 24 12 7 8 13 19 19 8 6 5 23 5 11 24 18 10 24 7 13 13 14 10 7 21 15 12 8 23 12 19 25 9 10 6 25 18 6 24 14 21 20 22 9 6 12 13 6 12 7 25 20 11 18 23 20 11 24 8 17 16 5 24 8 21 5 14 21 12 24 21 22 13 9 20 22 23 23 9 7 14 24 15 6 18 25 10 7 10 15 23 8 19 11 21 13 24 23 16 9 9 7 6 16 19 12 9 19 7 7 5 23 13 8 8 16 19 16 16 13 15 23 25 24 25 22 
18 18 10 24 11 23 22 17 8 8 20 17 17 24 12 9 25 6 14 10 19 14 18 11 16 14 9 10 24 6 22 11 15 15 20 23 5 20 23 14 7 22 23 22 16 24 25 10 24 9 9 6 18 13 14 11 14 20 5 9 12 8 18 10 23 11 17 19 22 5 19 18 16 13 23 11 19 11 11 13 8 16 17 23 24 8 24 15 10 18 21 20 25 23 16 13 5 9 13 5 7 6 17 7 18 17 21 22 21 23 12 19 19 25 24 16 14 20 20 22 13 5 21 13 15 7 15 9 19 24 9 22 12 15 17 23 8 20 6 19 17 19 5 8 7 9 22 10 7 11 14 9 25 20 17 9 24 6 14 9 9 5 11 19 5 8 18 19 16 24 13 18 8 25 9 23 17 16 11 20 5 11 13 16 20 7 7 18 8 6 5 23 17 19 10 14 21 5 17 15 
21 23 5 22 13 8 13 21 22 7 17 9 12 13 21 17 23 12 19 17 11 20 21 21 13 25 7 17 12 13 25 7 13 7 10 25 15 5 7 21 10 21 13 11 14 15 19 10 12 10 23 15 15 22 7 9 20 13 9 5 17 21 12 11 18 24 25 8 19 14 19 22 20 25 20 8 16 18 24 11 16 15 19 9 5 13 10 19 11 15 9 6 11 22 25 23 8 9 10 5 9 15 9 22 23 5 25 14 9 8 11 13 17 11 13 6 9 18 10 15 16 11 7 17 17 15 6 17 14 18 18 19 15 18 19 18 20 23 20 8 24 17 12 13 7 21 19 24 16 6 5 5 11 19 11 24 15 24 16 6 12 18 24 17 6 11 5 5 7 9 6 22 12 18 16 24 12 17 16 5 16 11 11 16 8 8 15 21 9 14 10 6 14 9 10 23 15 13 21 21 
10 13 14 15 10 11 6 17 9 9 11 7 23 10 21 11 9 25 20 13 5 17 25 8 23 10 8 23 14 22 17 20 8 18 14 17 14 21 7 6 5 22 19 13 9 6 22 18 7 8 13 16 11 10 8 5 13 10 16 19 20 24 20 17 10 20 10 7 21 13 17 5 23 12 18 17 14 6 20 20 10 12 10 12 17 12 9 9 12 16 16 18 8 5 15 25 19 10 10 14 13 23 12 23 13 14 18 22 13 20 19 20 14 6 13 15 12 8 12 9 17 5 20 18 21 21 24 18 7 15 9 14 12 25 24 10 21 12 11 21 9 24 17 21 10 12 9 6 11 8 18 18 18 14 25 6 16 8 23 9 23 13 8 16 22 21 24 18 23 8 20 14 23 17 11 5 20 8 14 18 9 24 25 24 18 8 15 20 19 10 7 9 22 21 17 14 8 17 17 15 
5 19 12 15 17 25 15 16 17 25 11 11 23 14 6 16 11 12 24 24 14 11 9 11 13 25 10 16 19 23 8 11 11 12 23 22 20 13 19 13 5 8 9 16 10 20 18 24 23 23 8 13 7 23 18 5 20 9 12 15 25 12 17 13 10 13 13 6 18 18 9 18 25 19 23 12 13 9 25 13 11 11 13 13 8 20 18 22 14 11 11 17 16 25 21 9 6 21 13 7 21 14 10 9 22 12 17 9 13 12 15 14 6 23 12 18 7 23 11 9 22 23 24 16 7 23 13 6 16 7 17 13 20 25 23 6 20 16 20 6 16 24 9 10 8 17 24 11 16 14 18 18 20 10 12 14 14 14 6 10 6 21 7 23 8 15 25 9 10 14 9 10 6 24 8 9 12 10 12 25 9 23 14 15 16 15 8 25 12 9 6 7 16 23 14 22 22 16 9 15 
19 25 7 19 13 16 7 17 23 11 12 21 24 21 12 9 12 10 8 9 22 6 20 23 17 8 13 9 18 23 10 21 22 19 6 19 7 8 21 17 16 22 23 12 17 6 23 7 20 7 16 20 24 5 6 20 12 9 8 10 14 13 13 24 8 25 22 5 19 15 18 14 23 20 10 18 8 19 12 15 5 8 23 16 21 10 6 23 17 9 7 20 13 11 5 20 18 23 19 5 24 12 25 10 23 19 7 9 21 5 24 20 24 13 25 9 18 11 14 16 17 9 10 25 16 5 8 25 23 7 8 13 16 22 6 11 9 24 16 6 17 16 19 25 24 12 7 18 22 22 21 20 12 21 18 17 7 6 21 12 8 9 8 12 14 9 24 16 6 16 23 17 23 25 13 16 25 13 22 12 20 20 18 18 12 13 22 23 15 13 18 19 10 11 24 17 17 25 13 8 
12 10 20 21 5 10 23 17 20 18 6 9 24 7 9 11 21 8 20 13 6 5 13 16 15 14 5 9 5 23 8 8 13 17 10 25 14 16 18 10 12 22 6 16 25 12 19 20 11 24 16 11 12 8 16 18 25 8 12 23 25 23 23 17 10 19 22 6 21 10 6 20 18 15 13 11 18 24 6 25 9 8 22 8 24 12 13 17 9 22 10 18 17 7 24 13 16 15 7 12 17 24 14 7 24 21 5 21 19 20 7 24 15 10 14 7 16 10 7 25 13 16 10 6 12 5 15 17 14 18 9 18 20 13 21 14 10 19 10 20 5 19 17 17 16 7 19 17 24 23 19 11 12 7 13 8 16 7 21 5 21 14 16 8 24 19 7 21 9 23 19 14 17 5 24 22 16 15 8 19 25 10 25 9 12 5 25 14 22 12 18 18 24 5 24 19 8 7 7 7 
23 19 11 17 16 8 16 17 8 21 21 21 20 22 19 6 14 16 16 22 21 19 22 11 23 8 13 13 14 6 15 14 5 9 14 13 25 21 17 18 18 8 21 22 8 9 12 13 7 18 9 21 7 12 6 21 8 12 14 5 25 11 18 20 6 10 20 16 9 21 9 23 23 15 22 11 16 7 13 18 16 24 9 9 19 24 21 25 5 21 22 17 22 19 23 22 24 14 9 8 18 8 8 25 11 13 24 25 6 17 25 8 15 21 10 14 12 5 11 16 8 15 19 21 13 13 12 19 6 23 9 21 18 10 11 21 6 7 11 10 8 23 8 13 10 13 13 12 7 17 20 11 25 5 16 18 7 20 7 7 20 18 13 16 21 18 7 25 20 19 18 24 8 14 25 17 21 16 25 8 7 21 7 23 13 23 9 21 13 10 24 25 16 13 22 25 20 5 7 9 
17 23 24 11 19 24 5 7 17 21 19 20 16 24 11 6 25 6 22 7 23 21 15 6 24 15 23 6 10 13 15 10 15 7 16 6 12 11 6 9 21 13 17 11 18 18 25 13 23 15 24 9 9 11 12 6 19 8 11 11 7 24 12 17 23 17 8 15 23 18 13 8 6 11 7 15 22 18 18 15 21 17 12 25 9 6 23 21 13 7 7 17 10 5 20 25 20 10 21 10 7 9 14 7 21 11 24 16 16 5 19 5 6 20 12 21 20 14 9 23 8 5 21 13 20 10 12 22 20 18 22 15 25 18 9 12 21 20 8 7 12 24 12 14 18 22 13 18 20 8 16 6 18 7 5 17 18 16 23 20 5 8 24 22 13 19 21 24 17 21 9 11 24 23 19 11 25 16 13 21 10 7 18 23 7 13 24 14 8 24 22 9 15 21 9 12 17 12 24 25 
11 11 24 19 5 16 18 6 9 12 18 8 14 11 11 5 15 17 25 24 17 18 14 20 16 12 6 18 20 21 11 18 17 23 11 11 15 20 23 10 6 13 17 24 18 8 7 5 10 8 24 8 12 8 25 19 7 12 10 19 6 14 15 24 19 21 24 19 10 18 5 9 22 14 11 25 5 7 15 14 15 9 24 5 24 11 14 17 22 25 22 6 25 25 20 23 14 5 14 23 12 16 16 12 13 8 24 14 8 5 20 21 21 18 13 18 24 24 19 19 23 8 9 18 5 10 11 15 13 12 8 10 24 5 19 6 9 21 7 6 16 21 24 14 14 6 9 22 24 9 12 13 6 15 10 24 19 12 9 20 17 10 14 21 8 21 18 19 13 11 22 6 20 17 6 5 12 21 16 18 21 15 6 5 20 14 5 22 18 17 12 15 17 22 9 22 13 22 11 15 
17 15 12 25 15 23 25 22 23 21 22 20 12 13 9 23 22 6 5 18 20 13 14 20 20 5 17 11 6 12 15 20 6 21 11 5 18 10 9 10 7 23 5 9 17 20 25 8 24 7 25 11 20 18 6 11 21 14 8 16 19 21 24 18 19 12 19 18 6 18 12 19 18 15 8 19 15 16 15 6 9 9 8 5 18 9 17 5 9 13 19 11 20 21 6 15 23 5 21 5 20 25 19 14 21 22 24 8 10 25 18 23 14 14 25 19 14 10 12 19 5 24 14 23 6 8 10 12 20 14 12 17 21 18 14 21 10 22 8 7 6 18 9 20 24 24 11 14 11 9 13 7 22 22 25 5 11 5 18 14 23 24 11 11 12 7 18 5 15 6 5 16 11 6 22 19 17 10 11 7 14 19 20 5 22 16 8 24 14 18 12 23 15 15 6 20 20 7 6 12 
16 23 8 24 13 11 23 23 25 23 16 21 10 15 6 7 23 11 9 11 13 15 9 20 15 25 11 18 11 17 16 24 25 13 13 6 22 12 20 13 9 22 23 8 5 19 6 6 11 5 22 9 11 13 24 25 10 20 6 16 16 19 16 5 5 11 6 15 9 18 15 10 5 5 15 12 13 17 10 16 8 12 21 12 9 10 6 20 21 6 20 10 25 21 15 18 13 9 21 25 11 19 9 14 20 5 25 25 23 18 23 9 5 18 14 21 14 9 5 24 19 22 6 7 10 15 19 25 16 9 13 21 22 10 17 24 9 5 9 6 9 15 8 17 5 25 14 6 12 20 7 15 8 18 7 23 7 17 7 7 13 12 10 22 20 12 13 19 25 6 15 7 8 9 6 10 25 7 18 9 11 11 12 14 6 24 11 22 14 9 21 5 17 10 25 10 5 9 8 16 
7 23 12 9 18 22 15 20 9 18 14 19 24 22 20 17 19 19 14 19 8 15 13 20 9 10 16 22 19 9 8 15 11 22 21 20 18 20 6 15 20 20 13 14 22 12 5 21 6 19 16 19 10 25 18 10 6 15 10 20 5 7 19 11 23 8 5 19 8 15 13 6 6 12 17 5 18 7 22 25 22 16 7 15 23 11 25 16 15 20 21 19 8 19 20 21 18 18 19 13 15 25 22 22 12 9 10 8 11 17 18 22 5 13 24 9 9 14 19 15 13 17 7 20 17 6 8 21 6 24 20 22 21 7 18 9 12 18 8 11 18 15 20 8 16 9 7 14 17 15 23 24 13 9 17 15 19 16 22 25 10 10 16 10 13 8 22 16 13 22 10 11 20 20 12 19 18 19 9 12 14 21 17 21 16 18 25 7 5 18 8 7 23 20 19 16 23 18 12 9 
13 15 25 14 17 14 13 8 12 8 5 12 9 24 19 23 17 16 9 5 10 7 19 23 7 5 9 23 18 9 25 14 24 10 24 15 14 5 21 10 8 20 18 17 15 18 21 25 23 11 21 11 7 24 18 25 22 18 13 7 13 19 10 18 5 13 10 19 16 25 7 16 9 10 19 14 25 25 14 22 11 7 11 13 14 10 7 25 15 21 5 13 23 10 20 24 14 22 12 19 12 7 5 19 10 9 24 23 14 8 6 8 13 19 23 9 7 16 7 15 7 10 6 14 23 10 17 16 15 11 23 21 10 14 23 11 19 24 18 13 21 18 21 20 9 20 25 10 9 12 13 6 11 20 23 14 12 8 5 20 6 10 25 15 23 10 21 22 11 12 11 21 24 5 19 7 14 14 10 11 22 16 17 11 11 17 8 24 10 22 25 17 18 22 6 6 22 24 24 23 
131
131
131
131
131
131
131
131
131
131
131
131
131
131
131
131
131
131
131
131
17 3 12 14 19 13 10 5 6 8 8 6 16 12 7 7 5 6 8 6 11 18 5 11 4 11 5 13 8 9 8 8 7 3 7 6 4 13 8 5 3 17 12 12 17 9 9 16 17 7 13 8 7 5 7 7 4 6 5 15 11 4 10 5 5 16 3 16 8 4 8 6 5 5 3 9 11 13 7 6 4 15 14 19 4 17 12 12 14 9 5 11 10 12 7 11 7 8 10 3 10 9 9 9 7 6 4 12 7 7 3 12 11 4 18 14 14 5 13 13 8 5 7 9 16 14 5 7 12 4 4 11 6 6 6 17 12 18 4 7 4 4 4 14 4 7 6 9 17 14 12 12 16 8 10 16 15 14 14 6 12 17 9 6 8 10 14 7 3 9 4 6 8 5 14 17 6 9 10 9 8 10 13 9 6 5 10 13 3 3 5 13 14 9 8 15 18 16 6 8 
9 15 4 5 5 13 3 16 5 13 9 8 11 9 8 14 10 7 5 9 13 7 13 11 11 6 13 4 12 8 6 6 5 14 13 14 9 16 13 19 11 9 3 16 13 6 3 4 10 7 8 10 7 8 13 14 4 8 11 4 8 6 14 9 6 10 12 6 8 18 5 7 18 12 18 4 13 13 12 5 4 7 3 11 15 9 7 11 3 8 3 8 4 4 13 5 17 5 14 16 17 14 8 8 4 4 6 3 9 5 3 17 6 10 19 17 9 11 13 3 9 8 13 11 9 12 8 10 9 3 3 11 13 9 13 16 10 20 12 14 8 11 5 15 11 11 5 5 6 6 13 10 13 16 4 9 16 16 4 10 17 4 9 4 10 9 7 4 9 12 4 14 11 8 16 16 16 10 12 7 5 9 14 5 10 10 7 9 18 14 9 13 18 13 7 9 8 16 8 19 
12 11 10 8 4 9 4 8 13 9 18 6 8 15 3 6 7 9 19 11 8 16 7 6 7 8 4 7 7 4 7 9 11 11 13 4 4 4 11 7 17 6 10 3 3 3 7 11 11 11 10 12 12 16 7 17 6 9 4 4 12 11 20 12 10 5 7 18 11 7 8 12 14 12 18 3 13 14 7 5 10 10 17 9 6 5 10 13 10 5 7 7 3 9 19 9 8 17 12 9 17 17 11 12 20 8 3 7 13 10 13 12 6 13 15 7 8 5 12 7 9 6 9 14 10 19 16 14 10 9 12 15 8 7 12 11 14 11 8 8 10 6 13 11 12 8 12 10 4 4 13 4 9 13 11 6 5 9 11 7 4 15 15 6 17 8 4 4 5 5 11 8 13 10 7 9 17 11 8 17 3 6 7 5 8 8 9 5 4 14 8 5 13 12 12 16 12 6 14 5 
17 9 7 9 8 8 9 17 9 18 9 6 11 11 11 16 14 7 16 12 13 15 7 3 5 13 12 15 7 7 4 13 16 12 8 10 3 6 7 18 13 18 7 19 13 13 3 10 18 5 12 15 8 10 8 15 13 6 4 11 9 13 8 13 14 12 15 6 8 18 12 5 13 8 12 6 17 18 8 10 15 13 14 9 12 6 11 16 16 19 18 14 9 10 4 17 7 10 8 4 4 10 8 13 3 8 9 7 14 9 7 8 12 7 18 11 8 10 15 8 3 19 14 8 5 12 8 10 4 15 16 13 9 12 12 15 5 8 5 15 7 4 12 12 7 17 3 9 6 15 14 15 10 5 3 5 8 6 14 11 14 6 6 9 9 10 9 6 12 4 17 11 8 10 9 5 16 3 7 11 5 11 9 4 16 13 11 6 3 12 11 14 7 4 10 3 14 16 4 18 
6 11 10 11 13 14 5 14 12 13 13 6 9 13 7 9 14 10 10 5 13 14 14 7 13 7 6 12 15 13 11 6 5 6 8 4 13 14 12 8 16 11 8 12 14 12 12 12 8 13 12 11 14 14 10 7 12 10 19 5 7 9 7 15 11 7 6 16 4 8 12 17 15 11 11 9 7 5 8 7 7 5 6 12 12 10 8 12 5 6 14 14 16 13 12 7 5 15 7 17 4 18 15 15 18 11 14 19 20 12 16 17 13 4 7 15 9 11 8 6 10 8 18 6 3 12 12 16 15 16 8 8 14 9 9 16 11 16 11 14 6 12 10 17 17 14 14 8 9 19 9 8 13 8 9 14 8 10 4 12 7 6 6 3 12 6 4 11 14 6 5 5 5 11 3 12 4 5 13 14 11 13 6 12 17 6 11 7 3 19 19 8 7 8 15 8 14 5 5 11 
5 15 8 13 7 5 7 6 11 6 7 8 7 14 5 10 6 8 10 5 11 9 13 15 12 5 6 4 9 5 6 6 9 12 7 12 18 15 8 6 14 11 13 5 18 10 14 17 4 13 4 7 10 6 13 9 11 16 17 7 4 13 15 8 7 9 7 13 12 6 11 11 4 14 16 6 16 12 17 5 12 11 11 8 13 11 4 11 4 5 6 18 10 16 12 4 4 14 10 9 15 9 13 6 11 14 3 8 15 8 3 9 3 16 8 7 14 17 11 8 18 18 10 13 17 4 4 5 11 15 16 4 7 3 5 17 13 16 4 6 8 3 13 12 15 14 6 10 7 9 10 5 16 12 12 5 5 7 9 14 8 13 19 13 7 10 15 8 8 6 11 4 10 4 16 13 9 8 8 9 3 19 16 11 5 7 9 10 6 8 15 9 14 5 11 10 14 9 16 9 
4 12 7 19 18 6 5 11 6 7 8 3 11 11 10 6 11 8 14 14 12 7 13 12 10 18 14 16 13 7 16 20 3 7 6 4 10 11 13 14 8 10 8 14 10 4 15 14 14 8 6 15 5 4 17 10 15 10 10 16 11 6 9 5 18 18 5 4 6 16 12 12 6 13 3 15 7 5 5 9 11 15 5 5 3 13 3 8 15 10 7 13 5 9 7 11 7 4 16 8 9 4 17 10 13 14 7 7 4 16 11 4 15 10 13 16 16 7 3 7 10 3 7 4 14 15 7 13 18 11 7 15 4 14 11 3 18 5 11 3 10 14 7 18 11 14 8 5 14 17 16 15 6 4 9 12 12 4 12 16 6 4 7 10 12 6 13 7 12 7 16 15 9 6 5 4 4 10 15 9 7 15 4 4 3 18 8 5 5 12 12 8 12 7 9 15 16 16 15 15 
11 10 6 16 7 17 13 10 4 5 12 12 13 16 8 6 17 3 9 8 14 11 13 7 11 8 7 7 14 4 14 7 9 10 16 12 4 11 13 7 4 13 18 17 12 16 20 6 16 6 7 4 12 10 9 6 9 14 3 6 8 5 14 7 16 9 11 12 17 4 13 11 9 8 15 7 13 8 6 8 6 13 10 15 16 5 19 9 7 13 13 12 14 18 8 9 3 5 8 3 4 4 13 5 10 13 11 16 11 15 9 13 13 13 17 13 11 11 11 13 10 3 14 7 11 5 11 7 13 12 5 16 9 8 10 15 5 12 3 10 9 12 4 5 4 6 15 6 4 6 10 6 13 12 13 5 12 4 11 6 5 3 8 15 3 5 11 10 12 13 9 9 5 14 6 16 11 11 8 11 4 8 9 11 13 4 5 13 5 3 3 18 13 15 8 10 14 3 9 9 
17 13 3 12 8 6 9 13 16 4 9 6 9 10 11 11 12 7 10 12 8 15 11 12 9 17 5 10 7 10 13 5 7 5 5 17 9 3 5 15 7 15 8 6 9 9 11 5 9 5 15 11 8 15 4 5 13 8 6 3 13 13 7 7 10 16 18 5 11 9 15 13 12 16 14 5 11 11 19 8 8 9 10 6 3 10 5 11 8 8 5 5 6 14 14 13 5 6 7 3 6 11 6 17 13 4 17 8 5 6 7 8 9 8 8 4 5 9 8 12 9 7 4 13 12 8 4 13 8 10 11 14 12 13 14 9 14 13 13 5 14 12 9 7 6 12 15 14 8 4 3 4 7 10 6 14 11 15 11 3 8 14 13 10 4 9 3 4 5 7 5 15 7 12 8 17 7 12 10 3 10 8 6 11 5 6 12 11 6 10 6 4 8 5 7 13 8 7 12 12 
8 10 9 8 7 7 3 9 6 5 6 5 14 6 11 7 5 13 15 10 3 13 15 5 14 6 4 18 10 12 10 11 6 11 7 9 9 11 5 5 4 12 11 10 7 4 14 14 6 6 8 9 8 6 5 4 8 6 11 15 12 14 14 11 6 11 5 5 11 9 9 3 12 8 11 10 9 5 10 14 8 7 6 9 13 7 7 7 9 12 9 11 5 3 8 19 15 5 5 8 9 16 8 13 9 8 12 13 7 15 14 10 10 4 10 8 8 6 8 5 12 3 13 11 11 15 12 13 6 10 5 8 9 16 16 7 13 7 8 14 5 18 9 11 6 8 6 4 8 4 14 9 13 9 14 4 9 6 14 7 18 10 6 12 14 15 15 9 18 5 14 8 13 9 7 3 15 5 9 13 7 13 16 13 13 5 12 15 10 5 5 5 11 12 13 11 6 10 12 11 
3 13 8 10 12 14 10 11 13 13 6 6 12 7 4 12 8 8 18 17 8 8 7 7 9 18 5 12 11 12 6 7 7 7 18 17 11 9 14 7 3 6 6 12 7 14 11 14 13 12 5 10 4 18 11 3 13 5 9 11 17 8 14 10 7 9 7 4 12 11 5 14 13 12 18 9 7 5 20 9 9 7 9 9 5 13 14 17 10 7 7 13 12 13 11 5 4 14 7 5 15 11 7 7 17 8 13 7 7 8 10 8 4 15 9 14 5 13 7 7 16 17 14 13 5 18 10 4 12 5 9 8 14 13 12 5 15 11 14 3 12 15 5 5 4 10 16 8 13 8 9 12 15 5 6 9 10 7 3 7 3 11 4 12 5 11 13 5 6 9 6 6 4 17 6 5 7 6 6 19 6 17 10 9 13 8 4 18 8 7 4 5 9 17 9 13 17 11 7 9 
14 19 6 13 9 10 6 11 16 8 8 14 14 11 8 5 8 7 6 5 15 5 15 15 10 6 10 7 14 12 8 15 16 14 3 11 6 6 13 13 8 18 16 9 10 4 18 5 12 5 9 12 14 3 5 11 8 5 5 8 10 7 8 17 5 18 14 3 14 11 11 8 17 15 6 11 6 15 7 8 3 4 15 10 11 6 5 14 11 7 5 11 8 7 3 11 13 12 14 4 14 7 20 7 13 13 4 5 11 3 15 11 16 10 14 6 9 8 9 13 12 6 7 17 12 3 6 19 13 4 5 9 8 16 5 6 7 18 10 4 11 9 13 18 17 9 5 14 17 16 11 13 7 12 11 9 4 4 16 7 6 5 6 6 7 6 12 12 4 13 14 9 13 13 8 11 13 8 17 6 10 14 13 12 9 10 18 18 11 10 10 12 5 8 18 9 13 17 10 6 
10 6 12 13 3 8 13 12 15 13 3 7 13 4 5 8 17 5 11 10 4 4 10 10 9 11 3 7 3 17 6 6 7 11 8 14 7 11 10 8 6 16 5 9 17 7 11 15 6 19 9 8 8 6 12 13 20 5 8 12 13 16 13 9 7 13 15 3 13 6 4 14 11 10 7 7 13 17 4 13 6 5 13 5 15 8 9 9 6 15 6 12 10 4 15 8 12 11 5 8 12 18 10 5 19 11 3 16 11 10 4 18 8 7 10 4 12 7 5 15 9 10 6 4 9 3 8 14 9 13 5 11 16 8 14 11 7 14 5 15 3 10 9 11 13 4 14 13 14 16 13 8 9 5 9 5 12 4 11 3 12 7 11 6 15 10 4 16 5 18 12 8 12 3 15 14 10 9 6 12 15 6 16 6 8 3 13 10 17 6 13 10 17 3 12 15 5 5 5 5 
17 15 7 13 11 5 11 9 5 11 16 14 12 15 14 5 8 9 10 12 15 15 13 7 12 5 8 10 7 4 9 11 3 5 8 9 14 13 10 13 9 6 16 17 5 6 6 8 5 10 5 14 5 10 3 14 5 8 9 3 18 6 13 14 5 7 11 8 7 11 7 15 12 10 16 6 10 4 7 10 8 18 6 5 11 12 16 14 4 11 17 11 14 13 15 12 13 11 6 6 11 6 6 13 7 7 19 15 3 11 16 5 9 14 5 9 7 4 8 9 5 9 10 12 10 10 8 11 5 16 7 13 11 5 7 16 3 5 6 6 5 12 4 8 6 8 7 8 4 11 11 6 18 3 12 12 5 16 4 4 13 12 9 11 14 9 4 19 12 14 11 18 6 10 15 13 16 9 16 5 5 15 5 17 8 12 6 16 10 7 13 15 10 7 15 16 15 3 4 5 
11 18 19 7 11 14 4 4 9 14 10 10 11 13 8 4 17 4 17 4 14 17 11 3 18 12 13 3 5 8 10 6 8 4 10 4 7 6 4 5 13 9 13 7 11 9 19 7 15 9 16 5 5 7 8 4 15 4 6 7 5 18 7 14 14 9 5 9 15 13 9 6 4 7 5 9 11 14 10 8 11 12 8 14 7 3 18 11 8 5 5 10 6 3 15 13 11 6 12 6 5 5 9 4 15 8 13 9 10 4 13 3 5 11 9 11 16 10 5 15 6 4 13 10 14 7 8 16 12 13 17 10 19 13 6 8 16 14 6 4 6 16 9 8 9 17 8 10 14 6 12 4 13 5 3 9 10 12 12 13 3 6 17 16 9 11 14 17 12 14 6 8 15 17 15 7 17 11 7 16 8 5 14 15 5 8 16 10 6 17 13 5 12 13 6 8 12 7 13 17 
6 7 14 14 3 12 11 3 6 9 14 6 8 6 8 3 10 12 14 19 10 9 11 11 9 8 3 11 14 13 6 14 9 14 7 8 8 13 16 7 4 8 10 15 12 6 4 3 6 6 15 5 8 4 19 11 4 6 6 15 4 8 11 16 14 15 15 13 6 10 4 5 12 11 6 18 3 4 9 9 10 5 12 4 19 7 11 9 12 17 15 4 17 16 15 12 9 3 9 16 6 10 8 9 7 4 15 9 6 4 10 11 16 11 8 13 17 14 13 14 18 5 5 14 3 7 6 10 7 7 5 7 17 4 14 4 5 13 4 5 8 15 15 8 9 4 5 17 13 5 7 9 4 10 8 12 11 8 6 14 13 6 7 14 4 14 12 14 8 8 14 3 10 9 4 4 9 13 8 10 15 8 3 3 13 9 3 12 10 12 6 11 10 15 6 12 10 15 8 11 
9 11 9 14 9 13 19 13 13 17 16 11 6 10 6 17 15 3 4 13 10 9 9 11 14 3 11 6 4 9 9 13 3 12 8 4 14 7 6 5 4 16 4 5 11 14 17 6 18 5 14 8 13 14 3 8 16 8 5 12 13 17 17 10 14 9 12 12 4 10 7 11 9 8 5 14 11 10 10 3 7 5 4 4 11 6 10 3 7 9 11 8 11 11 5 11 15 4 11 3 10 19 12 9 15 16 16 6 7 14 11 14 8 7 17 10 11 5 7 13 3 18 11 13 4 6 7 7 10 8 9 10 11 12 7 11 6 12 5 4 5 10 6 15 17 19 8 7 8 5 7 4 15 14 17 4 9 4 10 9 17 13 6 8 9 5 11 4 11 4 3 12 9 3 16 11 10 7 8 4 11 11 12 3 17 11 6 15 11 14 8 13 8 10 5 10 12 4 5 8 
8 13 5 13 7 7 13 15 13 16 9 14 7 10 4 5 16 6 7 6 9 9 7 16 9 20 6 11 8 13 11 19 14 10 7 3 17 6 12 10 6 13 12 6 3 14 4 5 7 3 16 7 7 8 12 14 7 10 4 10 11 14 8 3 3 9 5 12 7 14 9 7 3 3 10 7 9 11 6 9 5 9 11 8 6 6 4 16 15 3 13 5 16 15 10 14 9 6 15 14 7 11 5 7 11 3 18 18 12 14 18 6 3 13 8 17 10 5 4 13 13 14 4 5 8 10 11 16 12 7 9 15 17 7 12 19 5 3 5 3 6 11 4 12 3 18 8 3 8 15 5 8 5 12 4 14 4 12 5 5 9 7 7 16 10 7 8 11 19 4 8 5 4 6 3 5 16 4 10 5 7 6 6 8 3 19 7 15 10 6 17 3 13 8 16 7 3 7 5 11 
4 16 7 5 10 17 10 11 5 10 9 12 19 12 16 11 13 11 8 14 5 8 9 16 7 6 12 12 11 6 5 10 6 13 17 13 11 15 3 12 11 10 10 7 14 8 3 11 3 11 9 11 7 18 10 7 5 8 6 10 4 5 10 8 16 4 3 12 5 8 8 4 4 7 9 3 9 4 18 16 17 8 5 12 14 8 15 10 11 12 14 10 5 15 15 13 13 13 11 7 8 17 13 17 7 6 7 5 7 9 10 17 3 10 19 7 7 10 15 11 10 9 4 12 12 5 5 16 4 12 16 17 13 5 13 5 8 12 5 6 14 10 13 5 10 7 5 10 11 11 13 16 9 5 12 9 12 13 17 16 7 8 11 5 9 6 13 10 8 16 6 7 14 12 7 13 14 10 5 9 9 14 13 15 10 13 13 5 4 14 6 5 15 15 14 13 12 11 9 6 
7 10 17 11 13 10 8 5 9 5 3 7 5 16 10 15 13 12 7 4 5 4 10 13 4 3 6 18 14 7 19 8 19 6 17 9 11 3 16 7 6 15 14 9 9 11 11 18 18 9 11 6 5 17 12 14 16 12 9 4 7 10 7 11 3 7 8 13 10 19 5 10 5 7 12 9 19 16 7 16 6 5 6 10 8 8 4 19 9 15 3 7 16 7 14 15 8 13 7 11 9 4 4 13 5 5 17 14 11 5 4 4 9 14 13 7 5 12 4 12 5 6 4 9 18 6 10 11 12 7 15 15 8 9 17 6 11 13 11 9 15 13 15 15 6 14 16 8 7 8 8 4 6 13 16 8 8 5 3 15 3 6 14 9 13 6 14 15 6 6 7 14 13 4 10 6 9 8 5 6 13 13 11 8 8 9 4 14 5 11 16 12 13 17 3 4 12 14 14 13 
30 6 23 27 32 33 23 10 12 13 19 15 26 24 13 18 10 11 18 12 25 31 8 24 7 28 11 30 15 16 17 19 15 8 16 11 8 31 16 11 6 31 24 24 32 20 23 27 29 11 32 20 16 12 16 16 7 16 8 33 20 9 29 13 11 30 7 30 19 7 14 10 8 8 7 15 27 37 15 9 10 25 21 35 10 33 22 30 23 16 11 24 23 25 14 27 17 12 22 8 25 15 15 24 13 11 8 25 13 14 8 27 22 8 32 31 25 11 32 29 20 10 16 18 34 28 8 18 28 10 9 22 15 14 12 28 27 36 9 16 8 9 9 34 9 17 12 17 31 35 29 21 25 20 25 31 33 24 29 12 27 30 20 10 22 20 28 13 6 18 7 12 15 12 27 28 12 15 19 18 19 24 26 22 15 10 20 26 7 8 12 25 24 25 18 26 29 32 14 17 
17 35 8 10 7 27 7 25 11 26 22 15 18 16 18 26 27 17 9 21 37 17 25 24 23 13 26 11 19 14 10 16 11 23 28 36 15 30 36 32 27 17 8 29 29 13 7 9 24 13 16 20 14 21 28 29 9 19 18 8 21 12 27 19 13 23 29 13 22 33 10 19 34 24 36 10 31 25 21 14 8 18 9 22 33 16 17 28 6 20 6 15 7 9 29 10 32 14 31 37 29 32 16 18 9 7 16 7 19 13 6 31 10 17 30 33 20 21 26 6 25 16 28 19 18 25 16 18 16 8 7 21 24 18 31 29 23 31 29 23 15 29 11 32 19 24 12 10 13 13 25 20 22 30 10 17 28 29 10 23 31 8 17 6 23 23 11 10 26 22 8 26 24 19 29 28 27 26 25 17 10 19 30 11 23 19 16 18 35 31 22 27 35 32 14 24 13 31 15 36 
28 23 18 16 9 15 7 20 26 21 34 15 16 33 7 13 16 21 34 20 15 32 14 12 14 19 12 13 15 7 17 20 18 27 25 7 9 8 21 12 36 12 20 6 9 7 17 22 23 23 16 30 22 28 14 27 11 22 9 8 23 20 33 23 21 9 13 35 21 13 19 28 31 36 29 7 27 35 14 11 24 22 32 21 14 9 23 27 23 11 16 11 7 19 33 21 19 29 27 20 36 30 20 30 33 20 9 14 26 20 26 34 10 28 29 18 19 11 22 13 15 12 19 23 22 34 31 28 19 23 25 30 20 12 29 28 26 22 16 17 22 12 27 24 20 15 31 22 8 7 23 9 15 34 18 11 11 24 29 15 8 28 31 14 32 19 8 7 13 11 20 16 32 18 12 18 30 27 18 30 9 13 19 13 19 14 24 10 11 36 15 11 23 24 24 33 20 12 26 11 
27 16 16 16 18 12 22 29 20 37 20 16 23 21 18 30 33 13 28 34 33 34 13 6 8 33 29 36 13 11 8 24 26 29 12 21 6 11 15 29 28 30 15 32 25 26 9 21 30 13 27 27 20 23 19 25 31 13 8 20 22 23 21 24 32 27 31 10 21 37 31 11 22 22 31 12 33 29 15 16 23 21 33 21 20 13 31 31 35 30 30 23 23 19 7 33 13 19 14 9 8 19 14 21 6 21 19 16 26 20 18 13 23 13 36 27 22 20 29 20 7 30 31 18 8 22 20 18 7 33 30 25 25 33 20 25 12 15 9 28 13 9 31 34 11 33 7 19 11 34 32 30 18 10 7 9 15 13 29 28 27 14 16 20 18 19 23 16 21 9 31 27 18 19 22 11 30 6 19 18 11 25 18 7 31 31 25 11 7 24 20 31 15 9 25 7 27 30 10 30 
15 19 17 21 28 23 9 30 24 23 28 13 19 29 16 19 31 21 22 9 35 26 35 18 23 13 14 32 31 32 22 14 10 12 19 10 37 29 26 22 35 25 17 25 30 28 25 25 18 25 25 21 34 26 19 16 28 19 35 12 17 20 17 29 22 16 13 31 8 14 24 32 27 20 18 15 13 9 16 15 14 10 16 21 24 18 14 29 7 12 25 23 33 34 28 13 10 37 14 29 6 35 30 33 36 25 30 35 37 29 31 30 23 11 14 28 21 19 16 11 25 20 30 16 7 25 28 37 26 31 20 14 32 22 19 29 26 31 21 36 11 29 21 36 32 32 22 19 19 31 18 14 22 16 25 27 20 17 10 22 13 12 10 6 23 11 7 22 30 10 9 9 9 17 6 30 9 10 26 30 22 30 11 18 26 10 23 13 8 33 37 16 19 17 25 15 26 10 11 23 
9 25 14 26 12 13 18 11 31 11 17 15 12 35 10 26 15 19 23 10 28 16 22 28 23 8 14 7 19 10 15 12 17 28 12 25 31 33 20 14 23 19 25 9 33 24 27 32 10 32 9 15 25 10 22 19 23 30 34 16 9 29 32 14 13 19 18 31 33 10 18 23 8 31 29 18 33 30 36 10 24 26 22 20 30 27 10 22 7 11 15 31 19 32 27 9 8 36 20 19 28 19 30 14 22 28 7 16 32 19 9 18 8 32 14 18 27 28 20 16 28 32 17 32 27 8 8 10 23 28 32 9 13 7 9 32 28 34 8 11 22 9 30 24 31 33 12 20 13 24 16 12 26 27 23 9 11 15 23 29 24 30 30 30 13 19 29 20 16 14 23 8 23 8 37 30 17 18 19 24 7 35 31 19 8 16 19 20 13 20 32 22 25 9 21 20 31 24 34 17 
7 22 12 36 32 13 11 22 16 12 23 9 22 22 21 13 24 23 31 28 31 18 22 24 24 35 34 33 30 17 35 33 7 16 13 6 17 19 27 28 16 26 15 26 17 7 28 30 30 20 11 28 9 9 33 20 30 21 19 28 20 13 22 12 33 34 10 10 13 32 36 23 11 25 7 36 17 9 10 19 25 23 10 8 6 34 6 16 36 22 13 35 9 17 18 21 15 9 26 21 18 12 33 17 25 37 13 14 8 30 24 9 36 21 30 26 28 12 7 17 16 8 17 9 36 26 15 26 31 28 16 32 11 22 20 7 34 11 31 6 20 31 18 31 31 30 19 13 26 29 33 30 12 9 17 36 22 7 27 33 15 8 14 19 28 11 25 16 28 16 34 31 21 12 13 10 9 20 26 15 13 24 10 9 6 31 17 10 10 19 27 21 22 16 21 34 30 34 31 29 
27 24 13 31 14 32 31 21 11 12 29 22 22 30 16 11 31 8 18 12 26 20 24 15 23 20 11 15 29 9 29 14 21 19 26 32 6 28 34 21 9 32 30 28 22 33 31 14 35 12 12 8 26 19 21 15 18 27 7 11 16 12 27 14 30 15 21 28 31 7 23 23 24 16 30 13 27 15 15 18 12 21 24 33 35 11 34 20 14 26 30 28 34 34 21 16 6 12 16 6 9 7 23 10 25 24 31 28 28 28 17 28 26 34 32 21 19 27 26 29 17 7 28 19 19 9 21 12 25 29 13 31 16 20 22 29 10 27 8 28 22 27 7 10 8 12 27 13 9 14 19 11 36 26 23 12 35 8 18 12 12 7 16 28 7 10 22 25 24 29 17 26 11 32 13 33 22 23 14 29 6 16 19 23 25 9 9 22 12 8 7 34 25 23 13 18 29 7 22 20 
28 29 7 29 17 10 19 28 30 9 21 12 15 18 27 25 30 18 28 23 14 26 26 31 18 34 10 25 17 19 32 9 18 9 13 31 20 6 10 25 13 27 19 16 17 19 25 13 16 12 34 20 18 28 10 11 24 18 12 7 24 28 15 15 25 36 32 10 24 19 25 32 27 31 26 12 21 25 31 14 21 22 28 13 6 19 14 27 15 19 12 8 14 26 30 32 10 13 15 6 12 19 12 32 31 7 33 17 13 11 14 17 22 13 17 9 12 24 13 19 23 15 10 21 25 22 8 24 21 22 22 28 20 24 28 25 28 34 27 12 33 23 18 16 9 29 23 30 22 9 6 7 15 23 15 31 22 33 22 8 16 27 34 21 8 14 6 7 10 12 8 30 16 24 21 35 18 22 22 7 24 15 16 22 10 11 21 26 11 17 13 8 18 13 14 28 20 18 31 26 
13 19 20 22 12 16 7 21 11 11 15 10 34 13 29 13 13 36 26 19 7 25 33 11 29 15 10 31 19 29 23 27 10 24 18 23 18 28 10 8 7 33 25 18 13 8 31 22 9 10 18 21 14 13 10 7 19 15 20 23 28 36 27 25 12 30 13 9 26 16 21 6 34 17 22 22 18 8 27 29 15 15 12 16 21 15 11 11 17 23 24 23 11 7 19 35 28 12 15 17 19 30 16 30 17 20 24 31 19 26 23 26 17 8 19 19 17 11 17 12 24 7 28 26 29 27 30 25 10 22 12 21 17 33 29 14 30 15 16 31 13 30 25 27 14 17 12 8 16 10 22 23 24 18 37 9 21 10 29 13 32 17 11 22 30 29 35 22 33 11 29 20 29 22 14 7 27 11 19 25 12 34 35 30 23 10 18 28 24 14 9 12 31 27 24 17 12 25 25 21 
7 26 18 20 21 34 19 20 24 34 14 16 32 17 8 19 15 18 35 35 17 14 13 16 17 36 14 22 28 31 12 15 15 15 31 30 28 18 24 16 7 10 12 23 13 30 26 30 29 29 10 17 10 28 23 7 25 12 17 18 31 15 21 18 13 18 17 8 27 23 13 23 36 25 28 17 19 12 35 19 15 14 18 19 10 28 22 30 18 16 16 22 22 31 26 13 8 31 17 9 31 19 13 12 29 15 25 13 17 17 22 21 9 32 17 25 10 30 16 13 32 31 30 20 10 34 19 8 21 9 22 17 28 37 34 7 26 19 24 8 24 33 11 13 11 22 32 14 23 18 27 25 26 13 18 20 20 19 9 13 8 29 9 29 10 22 34 12 15 20 12 14 8 35 10 12 15 15 16 32 12 32 20 19 22 22 10 32 15 13 8 10 22 30 20 32 32 21 12 20 
26 32 10 24 19 19 10 24 31 16 15 27 30 26 15 12 16 13 11 12 30 7 25 32 23 11 16 12 23 32 13 30 31 25 8 25 10 10 28 25 24 31 30 15 24 8 30 9 28 10 23 26 34 7 8 29 18 13 12 15 20 19 18 34 11 37 33 7 28 21 24 21 31 25 14 25 11 27 17 22 7 10 34 22 28 13 8 34 22 13 9 24 16 15 7 24 22 29 25 6 34 15 34 14 30 23 10 12 29 7 31 30 33 19 37 11 22 16 21 24 22 12 12 37 22 7 11 32 31 9 10 19 20 31 8 16 12 32 24 8 24 23 25 34 30 17 9 26 30 32 26 27 16 30 25 20 10 8 31 15 10 11 10 14 21 11 33 20 8 20 31 24 30 34 19 19 32 17 33 15 24 24 24 22 16 19 26 32 22 16 26 26 15 14 31 21 25 31 19 10 
16 13 28 28 7 15 30 25 25 25 9 12 31 9 13 16 30 12 26 19 8 7 18 23 20 18 7 11 7 30 11 11 18 25 14 36 17 23 22 12 16 29 7 22 36 15 24 29 14 31 21 13 17 10 20 25 37 10 18 29 35 28 34 25 12 23 32 8 29 14 8 28 22 18 19 13 24 30 9 33 11 12 29 11 35 16 18 25 11 27 15 22 23 9 30 19 21 22 9 15 25 34 20 10 33 29 7 26 23 27 9 29 20 14 18 9 24 15 9 37 17 24 14 9 17 7 20 22 21 25 13 26 29 17 29 20 15 26 15 28 6 23 22 23 24 10 26 24 29 30 25 15 17 9 19 10 21 10 30 7 27 19 19 11 36 28 10 31 12 30 25 19 23 6 32 32 21 18 12 25 30 12 31 12 18 7 37 20 31 14 26 22 35 7 31 23 11 9 9 9 
31 26 15 21 20 12 21 23 10 27 26 29 25 30 26 8 18 24 23 28 27 28 33 14 31 10 18 19 19 8 19 20 6 13 18 18 35 30 24 22 22 10 31 29 10 11 15 18 10 24 13 29 10 15 9 25 12 15 19 6 33 15 26 29 8 15 28 21 12 30 13 34 34 18 27 15 22 10 17 25 22 36 11 11 26 33 31 37 7 30 32 21 32 28 33 27 29 20 12 10 25 11 10 34 16 18 33 37 7 25 34 12 22 31 14 20 15 7 14 22 12 19 28 27 17 17 15 23 8 30 13 28 24 14 15 27 9 9 15 13 11 31 11 17 12 19 18 18 9 22 25 15 34 7 21 24 10 24 9 10 26 27 19 21 29 24 9 33 26 26 23 33 10 19 35 22 31 19 34 11 10 31 9 34 19 32 12 30 16 13 36 36 23 17 31 37 29 7 10 13 
21 34 31 15 27 35 7 9 23 31 28 27 23 35 15 8 37 8 28 9 30 31 22 8 30 19 34 9 15 17 19 14 21 9 24 8 17 16 8 13 27 16 24 15 25 24 35 16 31 19 33 12 11 15 18 9 28 11 14 15 9 33 15 25 28 24 12 21 28 24 16 11 8 15 10 19 30 26 24 18 28 21 15 36 12 8 28 31 18 10 10 22 13 7 30 33 30 14 28 14 10 12 19 10 29 16 33 22 20 7 24 7 9 25 17 28 25 19 13 33 12 7 27 16 27 12 17 29 24 26 29 19 36 23 12 16 30 29 10 9 16 33 17 19 26 32 18 25 29 11 22 9 23 10 6 25 23 22 32 27 6 10 31 27 17 28 31 32 24 25 13 16 34 31 27 14 30 23 16 30 12 9 24 29 9 19 35 20 12 29 28 11 20 28 12 17 25 16 30 34 
16 15 29 27 6 23 25 8 13 17 23 12 20 14 14 6 20 25 32 35 22 22 19 28 23 16 7 26 28 28 15 24 25 28 15 16 22 24 31 14 8 18 22 32 24 12 9 7 15 11 35 12 16 12 36 25 10 16 14 24 9 18 19 35 27 28 31 27 14 22 7 13 28 20 14 35 7 9 18 18 18 13 30 7 32 14 19 25 32 30 32 8 36 37 26 34 20 7 17 29 18 22 23 16 19 11 34 20 10 6 25 30 26 25 19 25 32 36 26 28 29 11 11 26 6 12 16 21 17 17 10 14 31 6 23 7 13 28 9 9 22 27 36 21 17 8 12 32 36 12 15 18 8 20 12 30 23 15 13 24 24 15 20 28 11 30 26 23 19 14 29 7 26 24 9 7 18 25 20 27 31 19 9 7 26 20 7 30 24 23 15 22 23 30 11 27 16 30 14 20 
24 20 16 32 22 31 32 29 29 29 29 24 17 16 12 29 29 8 6 25 25 19 18 27 29 6 21 14 9 18 18 28 8 29 15 7 26 14 11 15 9 29 7 13 21 30 32 10 32 10 36 15 27 26 9 13 26 19 10 24 26 28 31 22 23 17 25 25 8 27 17 23 25 18 11 25 22 21 18 8 11 13 10 6 25 11 21 7 12 16 24 14 28 29 8 21 33 6 31 7 28 30 24 17 27 30 32 10 15 37 22 29 21 20 33 24 18 14 15 23 6 36 20 34 7 10 13 15 29 21 16 22 27 25 19 26 13 28 11 9 9 23 13 26 34 32 15 19 16 11 17 10 30 27 36 6 14 7 26 19 30 32 14 15 18 10 25 7 21 7 6 24 13 8 29 25 22 14 16 10 21 23 27 7 27 24 11 32 19 22 15 30 22 21 8 27 27 8 8 15 
21 30 12 34 18 14 28 30 33 28 24 27 14 20 8 10 34 16 13 15 19 18 13 26 20 34 15 23 15 21 22 36 37 18 17 8 30 15 26 17 13 29 29 12 7 23 7 9 16 7 31 13 13 16 34 30 14 28 8 20 20 24 19 6 7 14 8 19 12 22 20 13 6 7 21 16 18 21 14 23 12 16 29 15 11 14 9 26 27 8 29 14 33 26 20 26 18 11 26 36 16 24 11 21 24 7 36 31 28 24 29 11 7 26 18 31 19 13 6 32 26 28 7 10 13 18 27 36 21 11 16 31 30 14 22 35 12 6 13 9 11 22 11 23 7 34 20 8 14 27 9 18 11 26 10 33 9 24 9 10 18 18 13 30 25 16 18 25 34 8 20 8 12 12 8 14 34 9 25 13 15 16 16 21 8 29 14 28 19 11 26 7 23 12 37 14 7 12 10 21 
9 28 18 12 27 27 21 27 12 26 21 23 35 29 24 24 27 23 19 23 11 20 18 26 11 14 21 32 24 12 11 21 14 27 31 28 23 29 8 18 26 26 18 17 30 17 7 28 7 27 20 24 15 30 23 13 8 21 15 26 7 10 26 15 29 10 6 25 10 22 17 8 8 15 25 7 23 10 30 35 28 21 10 22 34 13 37 21 19 26 30 23 11 27 30 27 23 24 27 16 22 36 31 30 15 13 14 11 13 24 27 30 6 17 35 12 11 19 26 19 16 24 10 29 23 8 11 30 9 33 26 33 26 9 23 12 16 24 11 14 23 20 28 10 24 11 9 21 24 22 34 32 17 11 22 20 26 21 30 33 12 12 21 14 18 11 28 21 17 30 12 15 27 24 15 26 24 25 12 15 21 26 23 29 19 24 34 9 7 24 12 10 33 29 23 23 30 26 17 12 
16 19 32 17 21 19 16 11 15 10 7 18 11 31 23 29 24 23 12 7 12 10 23 30 10 7 11 32 23 12 30 21 33 14 30 20 20 7 31 15 10 27 23 21 22 27 31 37 33 16 28 14 9 35 23 33 28 24 19 10 18 27 14 25 6 19 14 27 22 35 10 23 11 15 28 20 35 37 20 33 16 10 16 17 17 13 10 31 21 27 7 16 32 12 29 33 19 32 16 25 17 10 7 24 14 13 30 34 19 12 8 10 18 24 32 11 10 21 10 22 9 13 9 18 29 14 21 21 20 15 34 29 14 19 33 15 27 33 24 19 27 25 30 26 13 26 37 13 13 16 17 8 14 29 28 20 15 10 7 30 9 13 35 22 32 12 31 31 13 15 16 31 32 6 25 10 20 17 14 14 29 23 21 16 13 24 12 29 14 32 31 25 23 30 8 8 30 35 35 30 
