5 200
40 34 38 42 50 28 31 29 43 14 24 28 29 40 14 44 15 11 33 26 25 35 46 44 14 37 12 21 36 16 32 33 45 27 20 14 34 45 29 41 24 17 35 11 12 39 15 40 10 15 15 50 27 17 41 33 41 40 20 50 30 48 39 50 24 26 20 35 29 35 39 12 12 17 48 19 24 22 48 47 44 15 38 48 38 12 16 21 42 47 48 38 45 15 28 43 50 41 48 11 33 19 15 29 40 45 10 48 39 28 21 34 18 16 17 17 38 26 23 49 22 22 49 11 16 43 24 38 17 27 44 30 49 26 27 10 43 39 46 31 35 22 38 47 21 47 44 13 12 30 28 38 11 39 33 16 46 19 47 23 47 10 48 35 42 15 17 40 23 47 48 46 35 19 33 12 45 49 20 30 30 48 29 29 21 40 22 36 36 46 29 21 41 45 30 30 23 32 41 35 
44 26 46 23 24 44 16 13 24 29 26 40 42 30 20 20 48 36 13 33 15 29 17 18 48 14 14 36 47 12 29 35 34 42 44 36 34 48 32 12 39 27 31 35 44 17 29 50 31 27 15 27 15 48 11 34 17 30 39 14 50 20 24 36 25 27 18 15 17 34 37 13 30 29 21 25 35 16 34 34 15 41 11 20 33 26 47 10 45 33 37 25 13 50 26 34 32 26 39 29 10 10 21 13 46 49 36 39 19 48 11 47 28 14 41 29 25 19 30 49 49 33 34 27 43 20 24 23 15 29 31 46 15 39 10 14 36 50 48 45 44 14 50 44 40 35 33 12 36 10 23 45 10 27 29 36 48 24 44 37 37 17 12 11 37 24 24 13 14 26 42 29 39 32 29 15 46 15 13 26 32 32 42 17 17 43 35 49 19 40 24 28 24 39 14 13 43 45 33 47 
18 38 19 36 19 25 26 35 25 21 20 25 24 45 14 21 17 15 40 39 35 16 18 26 49 13 42 36 46 24 43 29 31 15 34 10 43 46 30 11 19 22 27 22 25 17 24 33 25 29 45 42 14 28 31 21 43 46 36 40 22 17 13 36 15 37 34 36 11 34 24 14 15 21 18 11 14 50 28 26 37 38 23 27 41 44 23 41 46 31 28 49 32 47 19 19 42 10 20 12 31 21 26 31 23 48 35 43 13 47 15 10 34 23 44 27 44 34 29 32 39 14 25 22 18 24 48 10 44 33 49 20 11 45 45 47 36 39 10 26 47 46 11 40 21 36 29 10 33 25 35 21 28 28 49 20 49 29 39 42 16 27 27 40 26 32 47 48 32 44 12 10 23 10 33 42 27 34 34 47 24 47 23 33 44 14 11 41 33 30 47 20 20 29 39 27 31 40 28 17 
11 16 42 24 17 35 12 26 23 48 49 23 36 19 49 50 16 22 43 20 48 46 41 15 19 21 20 40 27 13 21 18 41 22 33 31 25 21 35 40 45 12 37 44 10 33 40 13 25 11 44 35 10 21 24 11 42 12 42 33 20 24 13 33 47 35 14 18 47 39 19 50 33 14 14 35 15 25 40 25 50 10 50 17 45 33 31 37 19 46 26 20 16 37 22 39 22 16 29 28 46 48 39 18 31 48 13 18 40 22 44 23 13 35 30 43 35 45 11 33 26 27 33 34 30 21 21 17 25 37 13 44 32 17 40 31 25 14 38 38 38 21 42 28 27 10 48 42 31 28 30 25 43 16 11 47 35 37 17 24 13 38 37 26 14 43 42 50 26 49 25 34 47 24 19 14 19 11 20 45 48 46 23 33 30 18 50 48 10 34 12 37 12 26 23 35 11 32 20 35 
30 30 50 45 28 46 32 40 28 19 37 22 21 47 42 38 16 28 44 46 21 48 40 31 28 40 30 30 40 18 23 27 13 27 35 10 28 27 12 37 32 48 44 40 13 31 10 19 11 30 28 30 14 47 47 18 12 25 48 26 44 45 10 23 20 19 42 47 13 39 46 20 33 15 36 27 49 46 48 34 49 36 48 46 19 43 16 12 20 35 42 22 50 44 18 23 35 12 23 10 39 39 49 42 19 32 28 48 35 26 26 19 26 48 45 39 31 22 45 25 10 35 30 32 48 36 37 20 28 42 25 16 39 37 16 31 42 35 44 27 46 40 12 30 25 14 11 12 48 15 20 26 45 15 46 49 32 10 48 11 32 13 31 37 35 50 13 38 13 31 44 27 36 39 24 42 32 36 36 30 31 25 26 24 10 38 14 46 42 47 27 29 25 19 33 24 10 20 20 31 
16 10 12 22 16 14 6 8 17 13 19 23 13 17 16 19 9 10 25 17 20 13 19 8 21 23 8 10 9 16 8 15 21 7 13 5 12 12 6 17 21 10 5 25 16 17 14 11 18 21 12 13 13 24 11 7 8 17 23 5 22 18 22 13 24 21 17 21 22 16 21 7 25 15 22 20 11 16 25 5 6 9 16 22 22 13 8 19 11 23 21 14 7 21 9 20 6 14 19 21 13 7 25 13 15 5 21 13 21 10 22 22 25 7 19 10 14 24 22 8 15 13 10 22 18 11 16 16 5 24 25 7 16 11 5 8 12 15 20 16 7 17 18 20 11 17 6 15 23 24 19 18 14 19 22 5 8 23 20 22 25 20 25 13 23 17 10 24 7 10 25 9 16 22 21 20 19 18 15 23 18 5 25 8 18 25 15 13 14 7 19 17 24 9 18 19 7 20 24 11 
25 12 8 5 15 9 16 21 13 22 5 9 17 25 21 23 24 9 15 20 13 8 5 21 12 11 8 14 6 17 24 24 19 19 9 25 11 15 24 22 7 16 5 21 16 23 5 21 25 5 15 9 5 7 10 9 11 19 8 21 17 12 9 9 18 19 13 16 16 12 24 21 11 22 11 10 14 24 16 24 24 22 13 18 12 15 21 23 15 23 17 6 18 12 13 20 21 17 14 19 23 25 12 13 24 15 25 23 10 17 23 10 15 19 17 9 18 24 22 16 10 25 19 10 12 9 6 24 19 12 11 23 25 15 21 18 16 5 14 12 8 17 16 20 6 12 20 15 6 10 12 6 12 22 6 22 22 19 17 9 15 19 10 24 18 14 19 9 12 19 17 21 12 23 21 10 17 15 21 20 6 17 11 9 12 6 20 17 12 22 9 25 24 25 6 10 22 16 13 23 
6 13 14 20 8 16 22 19 17 10 8 14 6 10 13 19 10 25 5 23 11 23 25 18 12 10 20 20 16 20 6 14 7 21 16 12 24 23 18 24 9 18 15 21 17 21 9 11 21 16 15 15 7 10 22 15 18 14 16 16 23 6 20 17 14 11 20 8 9 16 5 22 7 11 22 8 11 22 9 19 6 17 9 21 11 19 15 23 12 6 11 17 5 24 8 25 16 5 8 8 16 10 19 6 20 19 16 19 25 15 17 16 6 15 15 13 15 5 17 6 18 12 5 6 9 24 7 9 17 21 11 22 18 5 7 16 24 24 13 22 12 22 16 14 8 15 5 18 15 13 16 10 8 11 6 18 23 22 7 25 11 6 6 7 11 7 20 23 8 22 13 15 14 12 25 5 13 14 23 8 6 7 19 19 9 18 9 16 14 18 14 22 6 8 17 14 12 25 20 21 
16 5 5 6 10 18 18 21 13 5 12 7 8 21 7 17 19 20 16 12 16 18 14 10 19 6 15 20 21 8 8 25 22 19 25 15 23 15 10 12 13 15 9 7 21 7 22 5 8 21 15 10 21 9 8 23 21 14 18 11 17 19 25 5 10 23 13 7 15 5 11 8 8 25 15 11 25 7 18 9 18 18 21 22 24 6 13 6 13 20 9 5 5 16 21 17 21 12 19 19 14 14 6 20 7 8 17 8 25 25 10 7 21 22 17 7 22 6 5 13 10 6 23 7 11 7 11 10 20 14 19 16 7 11 20 14 10 18 11 21 7 9 6 24 24 20 12 17 14 11 17 9 18 10 14 13 20 24 23 15 11 13 14 14 25 12 12 21 9 16 18 18 20 11 16 16 24 11 22 10 21 7 15 24 15 24 10 7 20 19 23 22 8 6 15 18 17 14 20 5 
7 22 7 19 12 11 23 6 9 10 9 18 25 7 7 24 10 11 24 24 23 13 11 21 14 6 18 21 19 21 17 17 21 8 15 12 15 7 5 13 22 7 25 18 9 24 14 14 25 15 11 5 20 10 9 21 8 18 6 5 5 19 16 21 17 23 22 17 22 8 24 14 15 5 24 17 23 18 17 24 13 7 22 5 6 19 12 10 17 23 9 25 13 22 23 23 15 6 19 20 8 24 11 9 12 22 11 14 11 14 10 16 20 19 5 6 18 11 13 16 24 15 25 22 22 24 23 8 5 17 21 17 11 8 19 14 11 9 17 14 6 19 9 16 22 11 23 20 13 24 22 5 19 25 16 6 12 6 18 20 13 24 12 16 9 21 17 6 21 14 18 15 20 6 22 7 8 24 21 5 11 18 5 5 8 16 14 20 8 15 5 24 11 10 22 12 25 25 8 22 
493
493
493
493
493
8 7 7 13 12 9 5 6 9 8 13 15 10 13 13 11 5 6 15 9 11 10 11 5 16 15 4 7 7 12 5 12 12 5 8 3 9 6 4 12 17 5 3 15 8 11 10 7 14 15 8 8 7 17 6 6 5 11 17 4 15 9 11 9 12 14 13 17 16 9 13 5 20 8 14 14 8 12 14 3 4 7 10 12 16 9 5 14 7 13 15 7 4 12 5 15 4 9 11 12 7 4 13 7 11 3 12 10 12 8 14 16 19 5 14 8 11 17 13 5 11 7 5 15 10 7 12 8 3 17 14 4 12 6 4 5 7 8 10 10 5 12 11 10 7 12 5 11 18 14 13 13 9 10 17 3 5 18 15 15 16 11 13 9 13 13 6 14 5 7 14 6 12 15 12 15 14 14 11 17 11 3 17 6 12 19 10 9 8 5 14 12 12 7 10 11 5 16 14 7 
15 7 6 3 11 5 9 12 7 13 3 5 10 17 14 14 15 6 8 12 8 4 3 15 6 7 6 8 4 11 12 15 11 14 5 14 8 8 12 16 4 13 3 13 13 13 3 14 14 4 9 5 3 4 8 6 7 15 6 14 11 7 6 7 11 13 7 9 10 7 16 16 8 15 8 6 7 17 10 19 16 13 8 13 6 9 15 13 10 16 13 3 11 9 9 16 13 13 10 14 13 20 6 10 17 12 13 12 7 12 12 6 9 14 11 7 14 15 13 11 6 16 10 7 6 6 5 17 11 9 9 13 19 12 14 14 9 4 8 8 6 13 8 13 4 9 11 11 4 6 9 3 6 12 4 14 12 10 10 6 9 13 8 15 11 10 14 7 7 14 13 11 10 12 12 6 10 11 13 13 4 12 7 7 9 3 13 12 9 14 6 19 15 19 4 7 17 11 7 14 
4 10 11 12 4 12 12 14 12 6 5 10 5 7 9 15 7 15 3 16 9 13 15 14 7 6 14 12 11 10 5 9 5 11 11 10 14 12 10 14 6 11 11 11 13 13 5 7 17 13 10 12 5 7 14 8 12 9 11 12 15 4 13 11 8 8 15 4 6 9 3 17 4 7 11 6 7 13 5 10 3 11 7 16 7 13 8 13 8 4 8 12 4 15 6 15 13 4 5 4 12 6 11 5 15 12 12 13 16 11 12 11 3 10 8 10 8 3 12 4 10 8 4 4 7 16 5 6 9 11 7 18 13 3 5 10 13 18 9 16 9 14 9 11 5 9 3 10 11 7 8 7 6 9 4 9 12 13 4 13 7 3 4 4 7 4 10 13 6 13 8 9 8 6 16 3 10 10 17 6 3 4 11 13 5 13 7 12 8 14 7 16 4 6 11 7 7 13 14 16 
10 3 4 4 6 11 10 13 10 4 9 5 6 15 5 11 14 11 8 7 12 10 11 6 14 4 8 12 12 6 6 17 13 10 16 11 18 8 7 7 8 10 5 5 13 4 12 3 6 15 8 8 14 6 5 13 14 8 14 7 10 10 14 3 5 14 8 6 11 3 7 5 6 19 8 8 14 4 11 5 11 10 11 17 17 4 7 4 7 13 6 3 4 10 12 13 12 9 13 10 9 8 4 11 4 6 9 4 19 20 8 4 15 17 11 6 17 4 3 7 8 4 15 5 9 4 7 6 10 10 10 9 5 9 12 10 6 13 9 11 6 7 4 16 17 14 8 12 11 6 12 6 10 5 7 10 11 15 15 8 8 7 11 11 13 7 8 16 6 11 13 13 13 8 13 11 16 6 12 6 16 6 10 16 11 13 7 6 16 10 13 13 6 3 9 13 13 9 14 3 
5 15 6 10 8 7 17 3 6 8 5 13 16 6 4 18 7 8 18 14 13 10 6 12 10 4 13 13 13 15 11 13 17 5 9 7 8 5 4 10 13 5 16 11 5 15 8 11 14 11 8 4 14 6 5 15 5 10 4 3 4 12 8 11 12 13 11 10 16 5 16 10 10 3 13 10 12 10 9 12 7 4 17 3 4 13 6 6 13 17 6 19 10 12 15 15 8 5 14 12 6 15 7 6 7 11 7 9 6 8 6 8 14 10 3 4 12 9 8 13 12 8 17 17 12 13 18 5 3 13 16 12 7 6 12 9 7 6 12 8 4 14 7 10 17 6 18 13 8 16 15 4 14 16 10 4 9 3 10 15 7 18 7 12 6 13 13 4 13 10 13 10 15 4 12 4 6 14 12 3 8 14 4 3 6 13 8 12 6 11 4 18 8 5 13 9 13 15 5 15 
22 14 16 27 20 19 8 10 24 19 25 28 18 25 21 26 11 14 32 24 29 17 28 12 29 34 10 13 11 20 11 19 26 8 16 7 17 17 9 25 30 12 7 35 20 23 19 14 25 28 17 18 16 35 15 9 11 25 34 7 27 24 27 17 34 31 21 30 31 19 27 9 36 18 31 30 16 19 31 7 8 13 21 32 32 18 11 25 13 31 31 20 9 30 13 27 8 19 24 29 18 10 34 16 22 7 31 16 31 12 29 29 32 9 26 14 20 30 30 10 18 18 14 32 26 15 22 20 6 34 36 10 19 15 7 12 15 20 24 24 10 21 23 25 16 22 8 20 29 30 26 24 19 23 28 7 11 33 28 33 31 29 30 17 30 25 14 36 10 12 30 11 21 28 28 29 28 23 18 29 22 7 32 11 23 37 22 18 19 9 26 24 35 13 25 25 10 28 29 14 
34 18 11 6 20 13 24 31 19 30 7 11 25 37 26 29 31 11 19 26 19 10 7 30 18 15 12 20 8 24 35 32 26 23 12 37 14 22 32 26 9 24 7 31 23 29 7 30 37 6 21 13 6 10 13 11 14 27 10 31 22 18 11 11 26 27 17 20 23 16 31 29 16 30 14 13 18 36 23 30 30 32 19 26 18 22 28 29 22 29 22 9 27 15 16 29 25 22 17 28 29 32 17 17 33 20 32 34 13 25 33 13 18 28 21 13 26 34 29 20 13 34 27 15 16 13 8 29 23 16 15 33 31 18 28 24 24 7 17 16 10 22 20 28 7 18 26 21 7 12 16 9 15 30 8 30 30 26 24 12 22 25 14 29 23 20 24 12 15 25 21 27 17 31 28 12 23 20 26 28 7 24 14 12 16 8 28 24 16 29 11 34 32 33 8 15 27 21 19 28 
8 19 20 29 11 20 29 26 24 15 11 20 9 12 18 25 13 35 6 28 13 31 35 25 16 14 28 26 22 24 7 18 10 31 20 18 32 29 25 31 12 26 22 27 23 26 11 14 30 24 22 21 10 14 29 21 26 21 21 20 34 9 28 25 18 15 25 11 11 21 7 31 9 15 31 12 14 30 11 26 8 24 12 28 14 27 22 29 16 9 16 21 7 36 10 35 22 7 11 10 23 13 24 8 27 23 24 27 35 20 22 21 8 20 19 18 22 7 23 7 24 16 6 8 12 34 10 13 25 26 14 28 26 7 10 22 34 29 19 27 17 27 21 19 10 21 6 22 20 16 19 15 10 16 8 22 31 28 9 33 15 8 8 8 14 9 24 34 10 27 18 21 17 16 36 6 19 18 28 10 8 9 26 25 13 22 11 21 21 26 19 27 8 10 21 18 17 30 28 30 
20 6 7 8 14 25 26 31 16 6 16 9 11 29 10 22 25 24 20 16 19 23 20 13 23 8 21 27 29 11 11 31 30 23 34 21 29 21 13 18 19 22 13 8 29 10 28 7 12 30 19 14 30 13 11 28 31 20 25 16 23 26 36 6 15 32 16 10 20 6 16 12 12 33 22 16 34 10 22 13 22 25 27 27 31 7 18 7 17 27 11 7 7 24 27 23 27 15 24 23 18 20 7 25 10 11 22 11 32 32 12 9 30 29 22 9 30 9 6 18 13 9 30 9 15 9 15 13 30 21 26 24 9 15 28 20 14 22 16 28 9 12 9 35 32 28 17 24 21 14 25 11 24 12 18 18 30 34 28 20 15 18 17 17 37 17 15 31 12 21 24 25 25 16 21 23 30 14 31 13 30 10 18 33 20 31 13 9 27 28 29 27 10 8 22 24 21 19 25 6 
9 30 10 23 16 13 28 8 13 13 12 26 32 10 9 33 12 15 32 36 28 19 13 31 21 8 25 29 28 28 23 23 26 11 22 16 19 9 7 19 30 9 35 26 13 36 17 17 34 20 15 7 26 14 12 29 11 22 8 6 6 23 19 29 22 34 31 21 27 10 30 19 21 6 30 23 29 25 23 29 16 10 29 6 8 23 14 14 23 34 11 36 16 30 32 34 19 7 28 29 12 32 15 13 16 28 16 19 15 17 14 21 27 27 7 8 26 15 17 22 34 20 33 30 27 29 28 10 7 21 29 24 14 10 26 20 15 11 25 21 9 27 13 22 33 14 28 25 19 35 32 6 28 32 24 9 16 9 22 27 16 35 16 21 13 29 22 8 31 21 25 20 29 8 32 10 10 32 26 6 15 22 7 7 11 20 21 27 10 20 7 31 16 13 28 15 30 36 11 32 
