10 100
20 46 47 24 43 35 20 50 41 36 16 47 45 17 43 49 28 35 10 30 35 12 37 28 39 32 48 12 34 48 18 18 10 23 15 14 24 17 36 43 24 40 14 42 40 23 46 26 31 42 45 15 46 35 46 14 32 21 19 43 20 17 15 31 32 43 39 19 19 22 44 50 48 17 43 10 10 30 17 38 13 15 28 39 46 23 15 39 19 24 49 21 10 24 33 50 48 19 28 23 
20 39 42 49 36 26 30 26 43 41 29 25 11 22 17 15 48 28 42 39 19 32 32 10 10 35 16 36 45 14 29 27 19 20 20 18 18 30 41 21 27 29 22 13 43 42 46 34 26 30 50 34 29 24 41 10 34 29 26 33 34 41 17 11 14 12 41 14 46 25 30 25 15 16 15 23 31 39 36 48 41 18 41 40 35 50 36 43 15 30 38 42 10 20 27 17 48 27 43 14 
33 33 50 48 27 33 19 34 43 49 49 23 36 28 49 30 42 24 37 25 13 33 17 22 32 20 23 22 43 48 37 32 41 24 42 37 41 36 38 26 48 16 36 29 37 27 22 20 44 16 34 15 12 42 48 13 21 20 26 23 50 22 29 41 32 42 48 40 44 36 31 17 41 32 45 31 35 30 24 22 13 38 33 50 38 28 44 11 45 26 28 37 41 31 16 11 33 32 36 41 
22 47 30 24 39 19 14 16 25 20 28 48 30 13 10 22 41 12 35 13 31 34 37 16 33 43 32 36 13 14 34 46 10 14 21 21 44 47 19 27 46 30 46 26 36 16 41 47 15 24 43 12 13 28 33 16 45 33 23 44 50 34 41 37 44 12 23 24 41 13 27 47 18 20 38 47 39 26 50 17 40 23 46 44 50 21 10 28 21 28 50 42 38 48 28 15 41 45 11 45 
39 47 19 36 29 41 43 37 27 12 16 43 34 14 12 19 19 16 18 23 30 22 44 38 21 39 25 44 48 42 31 14 30 23 32 16 47 31 11 43 14 13 14 14 46 14 28 49 29 44 39 31 22 17 14 38 25 20 30 39 29 24 45 24 33 48 32 25 45 17 48 30 39 18 12 41 43 48 10 44 47 42 28 19 33 26 43 46 18 34 17 21 37 20 46 43 46 14 44 42 
40 36 49 43 42 41 30 50 39 28 31 31 23 19 34 15 21 29 44 25 35 29 16 25 47 28 24 39 12 45 23 22 13 12 28 42 28 47 23 26 50 37 35 39 16 12 41 25 29 14 46 18 10 26 28 28 36 13 41 18 22 10 20 21 30 39 31 31 25 28 40 15 15 46 41 13 23 49 47 34 24 21 31 25 26 32 28 23 28 32 32 27 26 12 18 33 38 19 16 48 
48 50 22 42 42 33 22 19 30 20 20 45 14 15 17 45 25 43 45 23 49 27 48 28 40 17 17 31 28 24 17 12 50 40 47 28 36 27 26 40 42 11 28 40 15 12 12 37 18 46 43 21 47 33 11 25 20 25 26 45 37 13 22 43 12 40 45 34 30 26 12 16 10 13 27 18 45 38 23 37 35 12 38 27 16 49 41 20 33 20 31 47 24 35 50 14 19 37 37 19 
18 35 14 11 30 49 31 43 44 43 44 41 11 27 20 31 36 47 46 13 43 18 31 24 32 26 35 43 18 50 23 45 40 28 20 45 19 44 23 29 36 30 28 44 27 42 35 39 24 44 11 43 40 23 39 26 29 14 26 42 19 43 13 25 19 29 12 13 41 39 45 35 12 50 40 39 25 35 19 40 28 29 37 28 39 27 41 38 25 33 25 43 18 11 32 19 43 30 47 16 
19 19 29 16 44 41 18 17 11 17 46 38 15 39 12 45 37 11 37 25 35 47 28 39 33 19 40 20 39 32 50 28 26 42 44 29 48 32 15 10 18 26 39 17 38 37 27 48 17 26 41 12 36 27 24 19 28 39 47 42 24 44 26 24 33 31 48 24 24 20 38 49 19 48 18 22 33 39 38 32 23 30 41 43 10 36 36 12 27 29 40 37 15 44 12 17 38 19 16 15 
17 50 46 38 12 18 18 33 18 27 40 31 44 10 39 16 25 22 41 48 41 22 19 17 34 19 39 21 21 28 19 34 33 14 33 46 19 20 44 12 19 32 19 35 13 24 49 13 29 24 50 29 24 35 39 11 26 47 50 47 28 29 16 48 45 19 26 19 46 48 36 17 22 14 38 35 48 35 20 13 14 11 26 22 34 35 45 29 21 49 22 21 47 21 25 47 27 14 48 21 
25 25 6 7 15 18 16 5 14 20 12 7 25 14 9 25 10 14 7 13 17 14 17 11 8 7 13 15 17 25 24 23 18 23 18 9 9 21 17 16 20 9 14 12 5 12 7 14 11 12 22 17 23 22 14 5 20 22 21 5 11 23 25 7 19 23 11 17 8 20 12 24 18 18 15 13 16 19 9 19 16 9 17 6 12 19 6 12 25 24 19 19 25 22 13 10 16 20 13 21 
16 19 15 9 23 16 20 11 15 10 11 7 18 10 5 6 11 12 25 24 12 22 23 20 25 13 12 19 10 25 20 22 19 5 16 14 20 10 15 15 20 9 25 9 24 11 6 13 5 13 16 9 24 18 14 24 21 8 23 21 12 22 11 10 24 15 22 19 5 21 17 6 12 23 18 10 9 25 24 9 25 16 8 19 13 11 25 16 5 8 22 5 6 8 18 5 21 23 17 24 
10 22 10 13 14 22 16 20 6 14 9 11 18 21 23 24 25 14 9 9 12 16 22 18 8 18 15 16 21 11 21 7 14 23 24 15 9 20 23 24 16 22 24 21 19 10 18 12 16 10 11 7 15 17 16 5 5 18 25 20 18 5 13 8 11 6 13 20 5 19 18 8 11 22 12 11 22 13 11 11 16 23 22 23 12 25 11 13 17 11 16 24 6 17 6 25 5 12 24 24 
10 21 16 18 18 23 7 5 23 23 14 10 25 5 16 18 23 15 12 7 13 11 5 5 25 20 14 14 13 11 25 14 13 16 11 18 12 7 8 13 19 15 18 16 15 8 19 24 8 8 20 10 19 11 16 11 10 13 23 13 24 9 14 6 7 15 13 12 24 14 22 17 10 11 9 14 12 14 21 21 10 9 14 8 7 14 18 17 25 21 18 19 18 8 15 7 5 16 9 25 
13 15 23 6 20 19 11 11 12 22 20 20 14 8 9 23 7 21 7 6 11 10 23 25 6 25 19 10 23 22 23 17 14 16 8 21 10 5 25 12 23 24 21 20 6 17 18 16 17 23 9 14 13 15 15 7 15 5 25 21 19 16 14 13 10 18 8 10 7 7 5 22 25 6 13 10 17 15 9 11 5 9 12 5 18 9 10 21 20 17 16 11 11 9 23 14 18 16 16 12 
19 23 10 24 9 12 17 8 13 25 8 8 16 23 15 11 14 17 23 18 7 16 25 5 22 18 20 20 7 20 12 14 13 14 8 21 21 15 17 23 10 12 19 9 25 20 23 15 11 22 20 12 19 17 9 15 14 19 20 12 17 14 24 14 22 10 8 16 16 6 25 9 21 9 20 14 15 11 25 9 21 13 10 16 25 5 16 22 13 16 8 9 19 16 6 18 18 23 15 12 
21 9 19 15 21 11 8 21 6 23 20 14 18 5 15 21 9 24 16 17 5 18 11 12 19 18 22 23 16 6 10 10 15 24 5 16 8 17 19 9 9 14 12 21 18 19 17 19 8 8 9 21 20 17 11 18 11 7 18 12 13 25 13 11 11 22 18 17 24 13 20 18 25 19 16 8 19 14 10 19 8 8 21 24 7 7 6 25 25 6 9 22 9 21 18 15 12 12 14 12 
7 5 19 23 7 6 7 7 21 19 11 12 9 10 25 25 20 12 13 9 18 10 19 16 23 25 18 21 12 15 22 6 25 10 21 23 22 20 13 15 24 6 9 6 23 11 20 11 13 16 22 8 24 9 15 6 17 9 22 8 19 8 12 12 19 22 6 12 5 16 5 21 11 10 12 12 9 5 14 22 22 8 25 19 25 7 14 18 16 14 17 15 12 22 8 11 18 24 13 8 
8 7 25 23 9 13 25 17 6 21 19 25 25 23 5 15 16 24 20 22 6 22 25 20 21 21 15 17 11 22 16 5 11 19 15 5 5 18 8 7 19 19 17 15 23 19 9 13 5 11 20 19 16 18 25 19 8 25 6 10 10 6 6 18 7 12 10 6 7 15 22 10 6 18 14 20 17 18 15 5 11 19 12 22 14 15 15 8 9 6 24 23 6 13 13 20 23 21 11 11 
6 17 19 12 19 6 25 15 11 7 20 6 5 7 19 8 14 8 9 5 10 15 14 12 16 21 21 25 12 15 24 14 15 23 13 18 19 11 10 25 11 19 17 8 9 14 12 10 7 18 17 24 9 13 13 10 15 12 12 24 6 18 22 21 9 14 13 14 21 12 18 22 25 9 18 24 20 9 6 5 11 8 6 19 16 17 21 15 23 17 6 9 25 7 5 24 24 17 25 23 
131
131
131
131
131
131
131
131
131
131
15 20 4 4 8 14 8 3 10 15 6 5 15 9 7 17 6 7 4 9 9 9 13 6 4 4 7 9 13 16 14 18 11 12 12 6 6 13 9 11 14 6 9 6 3 7 5 10 8 8 15 11 17 12 8 3 14 12 11 3 6 13 19 5 10 14 7 9 6 10 10 15 13 9 11 9 9 12 5 14 9 6 12 3 7 10 5 7 17 15 14 10 16 16 9 8 10 12 8 12 
8 10 11 6 15 9 12 8 10 6 6 4 13 5 3 4 7 8 17 13 9 15 15 11 13 7 8 11 6 15 13 15 10 4 8 7 10 6 11 9 13 6 18 7 19 8 3 9 4 9 12 7 15 12 7 18 12 4 14 15 6 17 6 6 17 9 14 15 4 15 11 5 8 17 11 8 6 19 15 5 18 12 4 15 9 9 16 9 4 4 11 3 3 5 10 4 16 14 11 18 
5 18 8 10 9 17 13 11 4 8 6 8 12 13 18 18 16 10 6 6 8 9 16 14 4 13 11 9 13 7 11 4 8 16 12 11 5 10 17 17 8 16 16 13 10 6 11 9 9 7 6 4 9 12 8 4 3 9 19 12 11 3 8 5 6 3 9 13 3 13 12 5 6 16 9 7 12 8 8 6 12 14 16 17 8 15 9 9 9 6 10 19 3 12 4 15 3 7 16 19 
7 12 11 11 11 12 5 4 17 16 10 6 15 4 12 14 14 9 7 5 8 8 3 3 15 13 11 11 9 7 16 9 8 11 7 11 7 4 6 8 11 12 10 12 12 5 10 16 4 5 11 5 12 9 11 7 6 9 13 9 15 5 8 4 4 9 10 9 15 11 16 9 5 6 5 10 10 9 13 16 6 6 8 5 5 8 13 12 15 14 12 11 11 5 11 4 3 11 7 15 
9 8 18 3 12 14 9 6 8 11 11 12 7 4 6 12 5 17 5 4 7 8 13 16 4 13 12 6 13 11 18 12 10 8 6 11 7 4 16 9 12 12 14 10 4 9 11 10 10 14 6 9 7 8 10 5 9 3 16 17 12 10 9 8 7 14 6 8 5 4 4 15 19 4 10 8 9 8 7 7 4 7 6 3 12 5 7 15 14 9 11 6 9 7 14 9 10 9 8 8 
12 18 7 17 5 8 13 4 8 13 5 5 9 13 8 7 9 13 14 13 4 11 14 3 15 13 13 14 4 14 7 10 9 11 5 12 12 8 13 13 6 7 15 7 13 11 12 12 6 12 14 10 14 11 5 12 11 12 15 9 13 8 15 9 16 7 6 13 9 4 13 6 11 7 12 8 9 8 14 6 13 9 6 12 17 3 9 15 7 8 5 5 15 12 4 13 11 16 10 6 
12 7 14 9 14 7 5 13 5 17 14 9 14 3 10 12 5 17 12 11 3 13 9 9 10 13 17 15 11 4 7 5 10 12 3 11 5 9 13 7 5 11 7 15 14 11 10 14 4 5 6 14 10 13 8 12 7 5 9 7 9 17 10 6 8 14 10 13 19 8 12 9 17 11 10 4 12 10 7 15 5 5 17 18 4 5 4 17 15 5 5 15 6 15 13 12 8 6 10 7 
4 3 14 15 4 4 4 4 11 15 6 7 5 7 14 16 14 8 9 6 11 6 13 10 14 17 9 15 9 11 15 4 19 7 11 16 17 15 10 11 15 5 6 3 14 7 10 9 9 9 17 5 17 6 8 5 13 5 14 6 11 6 7 8 12 12 4 8 4 10 3 12 6 6 9 9 5 4 10 15 17 4 16 14 16 4 10 11 10 10 9 10 7 12 5 8 11 13 9 5 
5 4 14 16 6 7 19 11 4 12 15 17 17 18 3 12 11 15 15 12 4 13 18 14 12 13 12 12 8 11 10 3 7 14 8 4 3 14 6 5 11 10 12 12 14 11 5 7 4 6 14 13 9 13 20 12 4 15 4 8 8 3 3 13 5 7 5 4 5 8 17 5 4 14 7 13 9 13 9 3 9 15 8 13 10 11 10 4 6 4 18 15 4 10 10 10 17 13 6 6 
3 10 14 7 11 3 17 10 6 5 13 4 3 5 14 6 9 5 6 3 7 9 11 6 10 14 12 13 7 10 19 8 8 12 7 10 12 7 6 17 7 10 11 5 5 10 7 7 5 10 9 16 7 8 7 6 9 6 10 14 4 14 15 16 5 10 9 8 11 8 13 16 19 6 11 15 13 7 4 3 8 6 4 10 12 10 13 9 15 9 4 7 20 5 4 16 13 13 19 18 
30 33 8 8 22 24 23 7 18 29 17 9 31 20 12 37 12 20 9 17 22 19 23 16 11 10 17 21 21 35 31 32 27 33 26 13 11 31 21 20 28 11 19 16 6 17 10 20 15 16 28 23 33 26 19 7 24 28 30 7 13 30 32 9 28 29 14 22 11 30 17 35 26 23 22 17 22 26 13 27 21 12 21 9 18 28 8 15 36 34 28 24 30 27 17 13 22 28 19 26 
20 26 21 12 34 21 28 13 21 12 15 9 25 14 7 8 15 15 31 30 16 30 29 30 35 18 16 23 15 31 30 29 24 7 22 19 25 13 22 18 28 13 35 13 36 15 9 19 7 19 23 11 30 25 18 34 28 11 31 30 15 33 14 14 31 18 31 25 7 25 22 7 15 28 23 13 13 37 36 12 34 23 10 23 18 16 37 23 7 12 28 6 8 11 25 6 29 30 25 32 
13 27 14 17 19 30 19 24 8 17 11 16 25 31 29 36 32 19 13 13 17 24 32 26 12 23 22 22 26 16 30 10 19 31 34 21 13 26 30 29 21 30 32 31 26 14 24 18 22 14 14 10 21 23 24 6 6 24 36 30 24 6 19 10 13 8 19 26 6 27 22 11 15 33 16 16 28 18 14 14 20 33 26 28 17 33 14 19 25 14 24 29 9 24 9 34 7 15 33 31 
14 31 24 25 23 29 9 7 30 32 20 13 31 7 21 25 34 20 18 9 16 13 6 7 37 26 17 19 17 14 31 20 18 24 15 27 16 9 12 18 26 22 23 22 19 10 24 34 11 10 29 12 24 15 20 15 13 19 33 19 31 11 19 8 10 21 19 17 34 17 31 21 12 16 13 19 15 20 31 26 14 11 20 11 10 20 25 21 37 28 22 23 22 10 21 10 7 19 12 33 
19 18 31 9 26 28 16 16 15 27 28 27 21 10 13 28 10 26 10 8 14 12 34 34 8 33 25 14 30 29 31 25 21 22 11 28 14 7 36 16 33 34 27 29 8 23 27 20 25 33 12 18 17 21 19 9 21 6 37 27 24 21 18 16 13 26 11 15 10 9 7 31 37 8 19 12 22 20 12 14 6 13 17 7 26 13 14 29 26 23 23 15 14 11 33 18 23 20 23 15 
23 28 13 34 11 17 25 11 16 36 12 12 23 31 19 16 17 21 34 24 10 20 34 6 27 22 30 27 9 28 17 20 17 18 12 29 30 19 25 31 13 17 24 13 32 26 30 21 15 30 24 16 28 21 13 18 20 28 25 17 23 21 30 19 32 13 12 22 21 9 35 13 26 13 25 20 21 14 34 13 31 16 14 23 37 7 21 27 18 23 11 13 28 20 8 24 26 30 21 16 
26 13 25 21 26 15 12 26 8 33 28 17 24 7 20 31 13 35 24 20 7 25 14 17 24 26 28 29 21 8 14 12 19 29 7 19 12 24 23 11 12 19 17 28 26 24 25 27 10 11 12 29 27 24 14 25 14 10 23 17 17 32 16 14 16 27 27 23 35 16 26 25 32 23 23 10 28 19 12 25 11 10 30 29 10 10 9 36 30 8 13 33 12 29 25 20 16 17 19 15 
9 7 28 30 9 7 10 9 28 25 16 18 11 12 33 33 27 17 17 13 25 13 25 20 31 36 24 27 17 21 33 8 31 14 26 31 32 30 16 21 36 8 11 9 31 13 24 15 18 24 27 11 32 13 21 8 21 13 31 12 23 12 16 17 26 32 8 15 6 21 6 30 16 13 16 16 11 7 18 30 29 10 32 23 34 9 18 24 22 17 23 18 15 31 10 15 22 31 17 10 
11 10 35 33 11 16 31 20 8 29 27 30 33 29 6 22 21 32 30 30 9 29 36 24 29 25 21 24 15 28 19 7 15 25 20 6 6 22 12 9 26 27 21 20 29 28 12 16 7 15 30 26 24 24 31 27 11 33 8 14 15 8 8 27 9 16 14 9 9 19 32 12 8 23 20 24 22 24 20 7 14 24 17 30 20 19 19 11 12 8 35 32 9 18 19 24 31 27 14 15 
8 22 26 16 24 9 34 18 14 9 30 7 7 10 27 11 20 11 13 7 13 21 17 16 22 27 28 36 16 19 31 18 20 33 18 26 25 16 13 33 16 27 21 12 13 20 18 14 9 26 21 32 13 16 18 15 21 14 16 30 7 26 28 30 11 19 17 21 31 18 25 27 37 11 24 35 27 13 9 7 16 11 7 24 21 21 26 18 30 25 9 13 35 8 7 29 32 21 37 34 
