5 200
46 10 26 45 24 50 15 29 24 31 22 28 17 50 17 11 42 19 49 14 23 27 23 32 27 12 44 34 10 16 37 10 13 11 33 12 20 40 12 11 28 28 34 11 27 50 25 38 44 43 16 26 17 28 14 25 26 45 33 13 42 41 28 30 33 21 14 35 47 47 40 49 50 25 48 42 32 18 19 38 39 33 38 42 31 24 19 48 47 44 25 39 27 18 38 26 45 48 27 29 36 32 15 21 23 36 30 47 12 39 45 21 22 39 25 33 45 47 40 26 17 42 20 34 14 38 14 34 21 17 34 19 15 16 24 21 35 32 16 22 44 49 32 47 25 26 30 37 12 25 40 16 24 30 44 29 25 11 28 16 50 15 20 17 25 39 32 30 48 22 22 34 15 50 34 21 33 39 11 42 20 28 30 43 23 38 24 44 15 25 34 24 13 48 35 24 39 38 10 35 
14 17 48 14 29 16 27 21 23 43 31 22 50 24 23 18 47 14 33 45 36 28 32 40 25 36 31 32 46 50 14 35 44 25 36 48 43 28 32 11 48 39 11 24 16 39 36 26 41 27 46 30 28 25 24 10 35 22 26 18 46 10 22 35 40 11 37 44 26 19 34 46 31 29 23 40 48 36 48 36 24 20 24 25 30 41 16 15 26 49 20 32 16 33 16 11 15 22 40 23 42 22 21 25 14 13 38 11 47 41 44 27 49 21 29 44 11 38 18 20 12 34 38 28 26 12 23 27 23 20 21 35 50 12 26 22 30 31 12 32 50 14 11 28 42 11 29 50 39 40 46 42 47 15 47 34 38 19 33 36 25 10 20 37 18 19 43 36 25 39 47 18 27 19 22 37 45 14 15 35 30 47 35 23 10 31 39 21 28 24 37 38 19 34 19 13 16 13 32 36 
20 34 24 41 41 14 32 18 50 10 41 20 36 39 48 38 23 37 30 35 28 16 35 44 35 10 25 21 40 24 36 38 30 10 11 36 50 19 41 26 46 19 26 13 43 13 28 48 34 26 20 26 41 45 27 33 18 18 27 23 22 19 23 30 22 44 21 10 24 30 50 46 14 19 32 14 10 28 47 22 30 32 31 14 46 15 17 33 28 17 40 12 31 25 43 45 39 45 48 37 29 23 26 28 50 29 24 50 33 39 14 21 29 48 30 49 33 13 15 40 36 44 21 50 25 48 31 48 35 45 30 21 24 35 21 12 43 23 33 14 15 20 49 33 43 23 48 48 10 24 33 18 47 11 33 25 20 29 45 10 42 35 50 13 20 38 49 11 35 16 31 33 41 46 29 13 40 28 18 37 35 50 47 23 22 37 41 17 42 13 25 34 41 44 13 16 44 24 46 41 
24 22 16 18 42 47 40 50 17 50 20 33 20 32 36 37 35 30 32 14 12 22 41 27 49 18 11 19 15 46 35 49 40 14 50 33 49 14 49 34 11 37 36 39 14 12 23 10 31 25 20 32 27 14 39 31 38 25 37 39 28 11 41 30 25 43 15 48 21 40 27 30 49 13 29 48 36 50 38 24 34 11 43 35 35 10 12 10 10 50 28 45 30 11 13 30 40 37 22 20 16 29 29 30 30 44 31 41 40 21 30 47 15 18 39 17 38 48 41 23 47 36 26 31 21 32 26 22 14 45 41 20 24 30 35 34 11 33 12 29 35 24 34 15 27 33 12 42 13 22 42 12 17 46 14 23 17 40 34 28 35 36 29 24 48 29 26 10 41 42 13 10 42 15 49 39 28 43 33 39 31 50 22 13 29 20 44 34 47 19 39 39 19 13 46 38 24 31 29 19 
41 10 11 14 16 47 37 29 16 33 29 50 15 24 29 28 20 20 25 27 32 14 44 13 42 24 14 15 23 18 35 45 49 39 12 16 48 33 44 32 21 27 39 22 24 17 34 27 44 25 15 32 28 48 17 40 48 31 42 19 10 34 37 45 12 25 45 22 40 26 40 19 26 50 40 14 48 42 14 30 27 10 14 29 26 40 11 16 17 36 19 23 44 17 32 21 38 27 39 25 28 15 38 13 48 41 35 31 11 48 28 27 11 34 46 26 30 11 41 48 47 41 21 26 36 50 22 28 22 19 32 49 23 11 16 44 18 21 10 29 15 43 18 13 30 31 37 21 16 41 46 50 21 45 26 17 32 28 13 48 15 16 42 23 10 42 35 29 20 50 17 32 10 16 13 36 33 14 19 39 16 25 48 23 24 46 36 16 11 30 12 30 24 32 32 31 27 32 40 18 
23 9 19 21 12 12 16 12 20 9 18 19 15 10 11 17 25 16 14 13 8 16 24 25 12 16 21 11 16 22 19 14 20 9 5 6 5 10 24 16 25 5 20 20 22 21 19 24 13 14 7 23 25 11 14 17 16 20 11 8 25 15 10 14 12 7 8 16 13 21 9 11 14 8 18 12 11 23 15 5 12 23 12 9 16 19 20 15 15 20 15 9 5 14 12 10 25 19 9 11 19 8 5 15 16 23 15 6 18 5 21 9 5 7 25 12 20 8 24 5 23 20 19 11 14 22 8 10 20 20 21 5 14 10 9 8 14 9 22 11 22 8 19 25 12 13 11 23 21 19 12 25 11 22 21 9 15 13 22 5 15 25 5 9 15 8 18 17 8 12 24 25 9 21 16 6 12 5 14 7 10 19 16 8 11 6 12 9 20 13 21 14 7 6 21 7 8 17 10 12 
16 12 17 25 16 22 20 12 17 8 5 9 6 7 24 20 8 18 16 16 25 13 12 15 10 22 14 18 25 19 7 8 13 11 10 18 21 18 18 6 20 25 7 23 14 13 8 5 25 15 6 25 14 16 6 15 11 21 5 13 23 6 14 24 10 7 25 10 13 7 23 16 7 16 17 18 5 10 24 17 20 18 8 6 19 14 16 24 18 17 5 21 8 23 14 22 14 23 10 20 7 15 7 13 25 5 21 19 19 7 5 10 11 6 21 7 19 7 15 15 13 22 20 22 13 16 14 10 11 15 14 19 25 19 6 14 14 15 20 25 21 20 12 24 11 19 14 7 17 8 20 7 17 6 23 12 17 9 24 22 24 24 9 14 13 24 16 20 14 25 24 9 24 12 24 24 11 13 10 20 5 16 6 25 7 23 21 23 25 11 12 12 9 5 25 7 7 23 16 16 
20 15 18 19 7 19 21 17 18 8 22 14 24 20 15 12 18 19 14 18 11 21 14 24 24 18 21 14 12 22 5 10 24 5 15 16 17 25 7 18 15 20 15 13 17 18 8 23 19 25 14 17 14 6 24 20 21 19 7 5 13 12 8 18 15 15 25 17 6 22 8 23 24 24 8 13 17 19 8 13 18 8 24 14 22 7 15 10 8 23 9 25 8 19 8 16 20 22 23 11 17 14 12 14 23 17 9 7 24 20 21 22 21 19 16 15 6 9 8 10 13 25 22 11 21 13 11 8 21 24 23 5 13 12 6 19 5 14 20 21 24 8 12 15 7 23 20 24 9 9 24 18 18 21 10 18 18 16 5 22 19 18 6 19 10 18 24 5 25 9 14 15 10 20 12 22 17 7 12 15 18 15 22 15 24 25 16 13 18 19 21 6 10 21 7 24 9 22 16 11 
7 16 16 24 22 20 11 15 24 18 25 22 5 20 7 9 7 10 9 19 25 22 8 19 7 7 13 9 17 25 17 14 21 8 22 16 6 25 23 13 21 21 20 8 13 9 6 12 22 8 12 11 6 14 23 19 23 14 21 19 8 16 5 17 5 18 22 16 17 17 20 19 17 21 10 15 10 17 25 20 18 14 20 21 23 16 19 12 22 14 22 7 5 13 19 9 21 18 15 23 15 11 21 17 17 22 23 15 9 7 14 11 23 17 19 12 15 15 15 5 10 24 18 6 15 6 17 24 24 18 15 6 6 10 23 20 25 7 16 17 14 14 24 13 22 8 7 6 17 8 9 13 8 13 22 23 12 12 23 15 5 9 6 16 7 6 6 23 19 22 19 24 12 17 7 12 16 19 16 17 24 25 24 13 14 17 21 16 20 18 21 6 17 23 25 10 18 23 13 5 
17 5 14 13 18 10 22 24 23 18 6 11 21 19 21 5 23 7 11 20 7 19 16 24 25 6 18 6 6 8 7 12 11 22 14 15 16 13 22 24 18 15 14 13 21 18 5 19 6 16 24 25 8 23 16 14 12 10 5 14 7 5 16 11 12 10 5 18 13 17 6 15 13 19 23 18 21 17 25 24 13 12 19 11 7 23 12 14 19 23 21 16 24 24 25 16 6 12 24 20 7 22 17 25 18 17 11 19 5 21 6 13 7 6 10 19 13 25 15 23 23 9 7 13 24 23 25 23 19 8 20 17 20 15 17 24 16 16 10 21 9 23 23 8 14 9 23 18 22 22 18 22 17 19 19 16 22 10 6 13 9 17 15 17 22 18 8 5 11 24 19 24 9 6 25 13 10 9 13 17 17 18 17 19 14 17 5 14 21 25 24 14 16 17 20 25 9 16 20 12 
464
485
505
495
503
14 6 14 13 9 9 8 9 16 5 12 14 10 8 6 9 15 9 8 7 6 8 15 14 7 10 16 8 9 13 13 9 15 5 4 5 4 8 19 8 17 3 12 11 14 11 12 13 9 8 4 16 16 7 10 9 8 14 9 6 18 10 6 8 7 4 6 12 9 12 5 6 8 5 13 7 8 14 12 3 8 12 9 7 12 12 16 10 11 12 10 5 3 10 9 6 18 12 7 7 12 6 4 8 9 14 11 4 10 3 16 5 4 5 14 9 10 5 13 3 14 14 13 6 8 14 5 8 12 14 13 4 9 8 5 6 10 5 16 6 13 5 15 19 9 9 9 17 14 13 8 15 7 17 17 6 8 7 18 3 9 20 4 6 8 4 14 11 6 9 13 17 6 11 9 3 8 3 10 4 6 12 10 5 6 4 7 5 16 9 15 7 4 4 15 4 5 9 8 6 
11 9 9 16 8 14 10 7 12 4 4 6 3 4 12 16 6 13 11 12 18 9 6 11 7 15 11 12 19 11 5 6 7 8 6 12 15 14 14 5 10 17 5 17 10 8 6 3 13 8 4 17 10 9 5 8 8 13 3 7 18 5 10 18 8 5 16 5 9 4 15 11 4 12 11 13 3 6 17 11 14 12 4 3 13 10 8 17 11 10 3 14 6 13 9 16 10 18 5 14 5 11 5 7 20 3 15 14 11 5 3 6 6 4 15 4 11 4 8 10 8 14 12 17 8 10 10 6 6 8 9 14 17 10 3 9 8 11 14 16 14 12 7 16 7 10 9 5 12 6 11 5 11 3 17 9 13 5 15 12 16 16 7 10 10 15 9 10 8 16 17 5 14 8 18 16 7 7 7 15 4 9 3 17 5 13 13 12 20 6 8 9 6 3 19 5 4 17 10 11 
12 12 11 11 5 11 12 13 12 4 15 7 15 11 11 6 10 12 11 13 8 16 7 17 19 10 12 10 7 12 4 5 17 3 10 9 9 15 5 11 10 10 8 8 12 11 5 13 10 14 11 9 8 4 17 15 11 13 5 3 9 8 5 14 10 8 13 9 3 14 6 16 18 14 5 8 9 15 5 7 14 5 15 10 17 4 10 6 5 12 6 18 5 13 5 13 10 14 18 7 12 10 9 11 15 13 6 4 19 15 16 16 15 11 12 10 3 5 6 7 8 18 14 8 14 9 8 6 16 13 15 3 8 6 3 10 3 11 13 11 17 4 6 11 4 16 14 16 6 5 16 12 12 14 8 11 11 10 3 14 12 10 5 10 7 13 15 3 16 7 8 12 8 15 8 17 9 5 8 8 14 9 12 9 19 20 11 9 13 10 15 4 6 14 5 15 6 13 11 6 
5 9 10 13 14 14 6 9 18 11 17 11 4 15 5 6 5 5 5 14 13 13 5 13 5 5 9 6 9 14 12 9 14 4 11 12 4 16 14 7 13 12 16 6 10 6 4 6 13 5 8 6 3 8 16 13 17 10 13 15 4 9 3 13 3 11 15 10 14 14 13 10 13 15 6 9 8 13 13 14 10 8 16 12 14 9 15 9 17 9 13 4 3 8 10 6 12 14 10 18 8 6 11 11 9 16 16 11 5 5 11 8 16 10 10 8 12 12 10 4 7 13 11 3 12 4 10 17 16 9 12 4 5 5 12 14 19 6 10 9 11 8 19 9 13 6 4 4 10 6 6 9 4 9 12 13 8 9 18 11 3 7 4 9 4 4 4 12 14 16 12 14 10 13 5 10 10 11 12 11 14 13 16 9 7 10 16 9 10 11 13 3 9 18 19 5 11 17 10 3 
11 4 8 7 10 5 13 19 15 10 4 7 12 13 11 3 17 4 9 11 4 10 9 13 16 3 12 4 5 6 5 9 8 16 9 10 13 9 15 18 10 10 8 8 15 12 4 15 4 11 17 13 6 17 12 11 8 7 3 10 4 4 10 8 8 6 3 14 9 13 4 8 10 11 18 10 12 12 18 19 9 8 12 7 5 16 6 11 13 12 16 11 14 16 15 9 4 8 16 13 5 13 10 20 11 13 6 10 4 13 5 7 5 4 7 10 10 19 11 14 12 6 5 8 16 13 15 12 12 6 15 11 12 12 13 17 9 9 6 11 7 15 13 6 10 6 15 10 15 17 11 18 9 10 10 10 15 6 3 7 6 9 11 12 15 13 6 3 8 19 10 16 6 4 13 10 6 7 7 9 9 12 13 15 10 10 3 10 15 19 14 11 8 9 14 20 5 9 12 9 
32 13 28 31 15 16 22 17 25 13 22 24 21 14 16 22 31 22 18 18 10 20 36 35 17 22 29 14 20 29 26 19 28 13 6 8 7 13 30 21 30 7 29 24 28 31 28 29 19 18 9 31 33 15 20 23 21 25 16 10 31 22 12 21 16 10 12 19 16 26 13 16 18 10 25 17 16 30 21 6 16 34 16 13 20 26 26 21 21 29 21 12 6 18 16 14 30 26 11 16 24 10 7 21 20 32 18 8 26 7 25 13 7 10 35 17 29 11 31 7 31 24 26 13 18 28 10 15 25 24 31 6 17 13 13 11 19 13 28 15 32 10 26 33 18 16 14 30 27 23 17 32 15 27 30 11 18 16 33 6 21 31 7 13 19 10 26 24 11 18 29 32 12 27 19 9 15 7 18 9 13 23 24 10 15 7 16 13 27 16 29 21 9 8 31 10 10 21 15 15 
22 16 24 34 20 29 28 17 22 11 6 13 9 9 34 27 11 26 20 23 30 18 17 20 15 31 20 24 35 26 10 10 18 14 14 24 29 26 25 7 29 35 9 29 19 18 11 6 35 22 9 31 21 23 8 21 16 30 6 19 32 9 18 32 14 10 31 15 16 8 32 24 9 19 22 23 7 13 33 20 26 22 12 8 23 18 23 35 27 23 7 30 12 30 18 30 19 31 12 25 9 19 9 16 33 7 31 25 23 10 6 14 16 8 29 9 27 10 19 19 18 29 30 31 16 20 21 14 13 18 20 24 36 24 9 20 17 18 24 34 30 29 16 32 16 24 20 10 23 10 27 9 20 8 28 14 23 13 31 27 31 35 13 21 18 31 22 24 18 31 31 13 34 15 33 35 15 18 13 25 7 22 8 35 10 29 31 28 37 16 17 18 11 7 34 9 9 33 20 22 
28 21 23 27 10 28 27 25 22 10 29 19 31 28 19 17 24 26 19 25 15 26 20 30 35 23 29 20 15 28 7 14 34 7 22 23 21 35 10 24 19 29 21 19 25 22 12 34 24 32 20 23 19 8 32 29 30 25 9 7 19 15 10 22 19 20 35 24 8 28 10 34 32 35 11 17 22 27 10 17 26 11 31 20 28 10 20 14 12 33 13 37 11 25 10 20 27 29 31 15 21 20 14 20 33 21 12 10 30 27 27 28 29 23 22 22 8 13 10 15 19 32 30 16 31 16 15 12 26 32 28 7 19 18 9 27 7 18 27 25 30 11 16 21 9 30 27 34 13 13 30 27 22 29 14 27 24 22 7 27 25 27 8 28 13 23 31 7 37 13 18 22 14 26 17 29 23 10 17 18 26 19 29 20 35 32 23 16 22 28 28 8 14 31 10 30 12 30 21 13 
10 21 24 32 30 30 15 21 36 23 37 29 7 29 10 12 8 15 12 27 36 28 11 23 9 9 16 13 25 31 23 20 30 10 31 24 9 33 34 18 25 27 24 10 17 11 9 18 32 12 15 16 9 18 32 26 31 17 31 27 12 21 7 23 7 25 28 24 25 23 25 28 22 25 13 21 14 23 30 24 23 19 24 30 31 21 26 16 32 20 30 9 7 19 25 11 31 25 22 30 21 14 25 24 22 30 32 20 12 10 18 13 29 23 27 16 19 20 20 7 14 29 23 7 22 8 22 32 36 23 21 8 7 12 33 24 30 9 23 25 17 18 29 17 29 11 9 7 25 11 13 17 12 18 27 31 15 16 29 18 7 13 7 23 10 7 8 28 24 27 28 31 17 21 10 15 20 24 20 24 33 37 36 19 20 24 30 22 27 23 26 8 22 34 33 15 24 31 19 7 
23 7 19 17 24 13 30 34 28 26 8 14 26 27 27 7 34 9 16 26 9 28 19 29 36 8 24 8 8 11 10 14 15 30 21 21 24 17 29 29 22 20 19 18 26 24 7 26 8 23 30 31 12 34 20 18 15 15 7 18 10 7 23 15 18 13 6 26 19 21 9 21 18 25 30 23 31 22 34 34 19 17 26 13 9 32 18 19 24 33 30 20 30 30 37 22 9 15 32 28 10 29 23 36 22 24 15 26 7 28 7 17 10 8 14 25 16 35 21 34 28 11 9 19 30 32 33 28 27 10 25 24 26 20 24 30 22 20 12 28 12 30 28 11 19 12 29 22 33 31 25 28 22 27 28 22 31 14 8 17 12 24 22 21 30 23 11 6 14 32 25 30 11 8 32 17 12 13 19 23 21 25 25 26 19 23 6 21 28 33 32 17 23 22 27 34 13 21 26 17 
