10 200
15 36 26 11 14 20 26 24 24 33 21 31 22 33 46 30 39 10 19 43 38 17 40 46 42 18 41 32 36 18 45 34 45 24 38 35 44 28 33 35 35 38 27 43 19 19 40 27 16 39 46 19 22 41 18 22 31 11 39 30 38 34 39 39 31 22 35 15 16 48 14 19 43 45 30 27 12 42 47 37 36 27 34 31 11 47 26 49 37 26 21 12 17 43 42 43 26 24 50 11 33 30 16 26 39 18 38 20 14 14 26 43 15 20 37 42 42 26 43 29 17 17 40 20 25 20 45 24 17 47 38 12 26 47 30 14 29 23 23 27 30 13 38 12 11 42 34 23 21 49 29 14 25 39 29 21 22 22 19 25 46 42 42 13 41 47 29 50 32 22 42 21 20 32 49 26 50 15 47 38 13 25 13 46 46 43 46 36 46 20 45 40 47 22 22 21 38 17 12 27 
42 37 34 25 17 25 46 30 11 43 20 34 36 20 44 34 39 42 32 10 47 28 20 10 47 18 29 49 10 27 42 32 25 29 23 31 10 23 43 42 33 43 25 11 19 23 36 36 19 24 13 20 49 15 31 27 50 40 33 40 27 21 43 16 42 16 37 39 18 16 37 26 23 36 14 16 47 17 45 20 12 39 18 31 29 34 25 50 30 36 49 26 28 23 44 42 46 38 25 17 16 34 47 16 24 18 24 26 38 26 34 21 22 33 42 14 40 10 14 25 18 12 15 48 30 17 19 38 46 30 24 24 13 24 38 34 13 48 16 25 24 33 27 25 21 14 38 33 46 33 37 11 17 36 36 35 40 26 45 46 23 28 31 46 11 13 38 12 19 39 34 47 30 19 33 46 39 46 50 38 48 28 30 13 44 31 16 44 20 28 21 10 14 48 50 36 48 26 17 30 
48 46 47 13 37 46 44 43 37 12 39 29 37 39 37 27 50 20 27 22 49 45 33 31 27 40 45 41 29 49 12 36 34 21 26 15 17 50 37 50 33 16 14 13 40 30 47 33 39 47 21 46 35 12 29 31 46 17 26 32 21 22 42 49 11 17 27 34 17 49 10 45 15 18 28 49 38 44 29 45 29 11 37 39 42 30 20 46 26 10 49 31 42 49 28 32 25 22 31 16 38 20 30 36 29 39 14 41 45 41 18 22 13 33 36 13 48 32 43 16 19 30 48 28 19 28 38 23 14 48 18 42 34 19 22 22 10 35 35 25 28 20 34 36 37 10 22 32 23 33 35 37 49 21 46 21 41 21 42 46 50 39 18 34 34 18 18 28 30 26 30 43 30 22 37 22 39 20 46 45 14 47 41 25 33 34 27 20 24 44 33 31 20 44 21 50 18 31 33 29 
14 49 27 27 45 44 13 30 14 39 39 10 19 44 47 11 24 11 21 39 41 34 30 21 24 48 21 31 44 29 25 28 21 35 17 40 22 39 13 12 49 21 17 18 30 37 23 13 48 39 18 24 38 47 34 47 16 13 16 10 40 21 17 17 43 21 34 28 25 44 31 37 43 19 42 45 34 34 46 38 22 18 16 49 34 15 31 45 44 45 49 31 50 17 16 18 46 18 36 32 30 12 42 33 32 26 16 33 10 44 10 40 41 34 14 36 43 34 29 23 49 23 45 20 29 25 10 40 50 18 23 18 48 16 48 46 24 13 49 20 13 33 40 44 10 23 16 37 32 33 21 19 26 49 13 38 50 10 15 41 48 31 43 43 42 47 33 24 42 50 49 49 10 48 41 21 11 28 29 33 42 24 24 17 25 40 48 31 15 17 27 49 49 44 24 49 50 13 46 28 
40 22 13 49 43 11 21 14 18 25 23 10 28 15 38 31 28 14 44 36 25 11 27 38 31 26 18 31 24 24 39 25 28 41 20 42 25 49 14 14 19 11 14 50 19 16 47 23 31 50 24 17 10 35 20 15 33 43 44 31 29 27 28 12 31 29 33 16 27 41 38 40 15 42 21 36 36 31 18 25 45 40 12 28 17 49 36 12 20 19 40 19 45 49 12 15 45 12 17 11 31 28 11 18 23 32 25 24 16 27 24 16 12 19 38 11 44 12 46 13 17 19 31 15 44 33 15 50 40 34 23 34 11 10 40 26 31 35 12 39 48 48 39 46 13 42 10 39 45 45 47 27 19 45 45 49 32 43 45 37 41 36 24 17 21 26 10 49 42 41 13 31 15 15 22 31 17 16 48 28 46 25 18 15 36 37 34 35 10 21 11 49 47 20 39 28 21 32 37 20 
33 21 22 45 36 12 38 38 10 36 28 30 28 28 45 45 11 36 33 19 13 29 50 27 29 45 49 18 11 23 12 24 34 46 34 48 20 39 10 42 32 48 35 21 46 49 33 12 22 20 42 18 28 47 37 20 13 28 37 29 22 35 18 11 10 42 12 20 34 13 11 47 12 20 36 28 28 42 34 46 41 27 22 14 37 11 37 27 41 28 35 32 39 19 36 42 19 37 40 29 13 15 14 46 21 19 41 44 15 40 43 18 10 34 21 39 14 21 14 35 43 41 33 46 39 10 33 45 12 36 47 32 13 40 17 17 16 11 24 34 45 33 39 34 11 34 10 12 50 12 40 17 48 40 30 18 36 37 41 18 36 23 44 33 38 44 41 14 12 19 46 10 24 12 24 25 14 42 43 26 26 39 47 21 15 19 23 25 37 49 32 29 29 42 49 46 48 19 11 35 
38 46 46 33 17 47 24 32 48 50 17 17 19 35 31 38 41 31 18 34 40 34 47 12 24 34 40 13 36 41 38 26 13 32 10 13 42 43 50 45 29 28 34 12 21 12 15 50 32 26 23 17 41 20 24 12 28 40 41 48 29 20 12 44 34 20 50 29 28 28 14 42 13 49 39 48 14 23 43 26 31 13 48 40 26 33 12 21 21 39 40 28 50 26 12 13 49 27 37 48 20 27 15 30 27 38 22 49 18 35 21 50 14 22 28 10 16 16 40 20 39 29 28 45 31 50 17 49 20 11 48 45 15 23 14 46 32 25 16 26 43 18 46 25 11 18 23 12 28 34 39 21 48 26 39 33 23 37 31 11 46 30 45 46 48 40 36 34 43 15 17 45 14 19 29 11 25 29 15 13 29 28 48 22 30 28 33 21 26 15 42 35 34 37 31 44 21 17 50 47 
49 33 26 14 11 45 32 13 32 18 30 32 22 17 46 10 21 47 10 45 38 11 21 37 30 47 14 42 36 17 46 48 10 44 47 14 27 19 18 25 24 10 19 15 44 23 38 44 31 36 18 25 48 48 44 47 11 12 50 10 24 17 43 27 26 28 47 12 49 25 15 31 46 46 15 37 44 24 11 47 43 49 26 17 38 27 50 43 10 25 29 50 34 35 39 45 45 28 39 26 15 26 33 42 35 26 16 23 46 35 19 13 11 34 48 43 26 12 41 31 30 36 14 28 25 47 19 29 29 23 37 42 21 23 27 17 23 31 23 26 27 34 16 47 29 42 20 50 25 22 44 46 10 12 27 23 33 27 31 16 38 12 22 13 35 14 15 29 16 39 43 27 40 33 22 38 39 19 46 39 37 38 29 30 25 23 16 41 45 31 24 34 21 13 15 24 18 41 39 13 
35 47 42 17 50 48 40 28 40 14 27 16 22 36 31 39 39 34 11 16 43 31 15 16 25 22 45 46 46 17 46 18 32 30 33 36 12 49 16 46 43 12 34 40 11 33 27 31 33 31 47 11 43 38 42 47 27 13 20 19 26 21 44 38 14 24 35 10 44 46 42 29 35 17 19 13 32 45 18 38 41 18 41 21 13 21 48 37 20 20 15 15 23 47 27 18 43 42 25 37 48 10 31 23 13 12 17 12 22 46 31 37 31 17 36 45 39 31 37 48 10 15 29 30 13 49 12 12 32 35 29 22 47 30 42 25 32 39 29 39 37 48 33 38 24 30 38 13 36 34 42 49 17 31 22 32 47 17 42 20 30 15 33 41 11 31 35 18 38 38 18 23 43 23 17 35 15 38 15 24 34 37 34 40 35 36 42 37 48 24 18 35 19 12 30 13 32 19 39 16 
31 49 31 26 41 22 41 13 13 38 22 25 19 45 12 47 30 19 14 28 13 20 32 34 35 34 14 34 29 39 20 19 26 50 40 38 25 14 24 28 42 50 36 12 49 21 38 46 24 29 35 41 16 33 33 26 48 27 24 42 37 14 12 17 10 36 19 13 25 47 31 40 16 28 36 31 14 49 35 42 12 50 40 35 42 50 39 49 40 38 23 26 45 27 34 32 27 25 26 42 22 47 28 42 28 30 48 13 43 49 33 27 43 48 49 23 28 16 50 47 49 10 17 26 35 37 44 28 50 10 45 16 34 19 49 11 19 48 18 24 12 20 43 26 18 47 46 23 28 38 47 35 46 29 16 47 24 44 26 44 29 45 20 43 28 49 27 41 30 14 22 11 37 45 23 49 14 48 19 25 50 18 38 16 13 35 34 25 23 47 31 24 48 41 23 31 49 18 42 45 
7 5 19 16 23 15 24 16 14 24 22 23 7 22 12 14 24 25 25 19 5 20 19 7 14 16 13 16 15 21 10 7 13 13 20 22 24 10 11 8 17 24 21 17 5 9 25 20 19 21 13 25 15 8 9 20 20 23 24 7 24 20 22 8 13 16 6 13 25 11 5 7 12 16 5 19 5 10 8 13 6 20 5 18 11 11 7 13 6 7 9 22 7 20 20 11 15 6 5 15 19 12 5 19 25 5 21 13 10 10 9 17 6 19 21 17 18 24 20 21 25 12 18 5 8 18 9 16 12 5 9 18 19 6 6 25 7 9 17 9 17 17 6 7 7 23 22 25 15 20 5 9 9 8 21 8 21 11 25 17 5 25 10 18 13 8 12 19 21 12 25 20 21 16 11 17 22 6 12 8 19 13 16 22 25 15 7 8 21 14 10 22 23 22 24 13 6 12 19 10 
12 11 16 25 15 13 5 9 11 17 19 18 24 16 14 14 21 22 14 25 17 23 6 13 18 9 25 8 22 9 17 23 14 8 6 25 7 12 22 25 24 6 6 11 20 22 14 18 15 9 14 21 18 11 23 7 12 24 13 10 17 11 6 14 7 19 12 6 24 20 8 17 14 20 7 6 15 21 22 17 11 25 5 6 7 13 21 17 15 15 9 13 9 11 19 18 21 25 11 21 7 17 23 15 24 9 11 10 14 24 17 12 20 5 8 15 6 23 14 6 21 20 16 11 11 18 20 19 6 20 24 24 17 8 14 22 22 17 11 11 17 23 9 17 20 20 23 25 13 13 9 15 11 25 15 8 11 22 5 20 7 24 12 15 10 16 24 14 24 15 23 22 24 5 21 19 14 25 12 15 22 15 24 19 15 7 15 8 18 12 23 15 10 10 21 19 20 22 6 24 
10 25 24 20 7 23 5 21 16 24 22 15 25 21 6 6 8 12 22 21 13 19 12 15 11 18 14 24 15 5 6 15 12 16 11 7 21 23 9 21 23 14 18 13 10 20 20 20 14 16 6 22 19 9 6 24 11 18 21 22 24 10 22 11 25 8 6 12 12 12 10 9 20 20 9 6 25 25 17 18 21 21 21 8 10 11 8 20 19 8 11 10 10 13 22 25 11 11 13 24 8 19 18 12 19 14 6 13 9 23 22 10 5 23 17 25 23 11 14 17 11 20 15 12 14 15 7 5 22 24 14 18 11 10 14 10 20 22 23 17 25 25 12 5 11 24 10 18 6 16 10 21 8 8 7 12 15 14 11 16 12 13 17 13 20 11 11 18 7 15 10 7 25 17 17 24 8 17 20 19 10 11 17 14 22 24 22 21 5 8 19 16 5 17 9 15 10 7 16 23 
16 17 7 16 25 8 17 19 14 25 24 5 18 21 25 13 6 20 17 14 18 16 6 16 14 23 21 12 17 24 25 9 25 17 11 19 13 6 25 22 10 18 22 16 11 11 18 8 5 5 10 10 20 12 22 23 14 25 24 15 8 24 6 15 18 17 21 19 17 17 25 14 10 17 19 18 9 24 10 24 9 15 24 12 18 14 6 18 9 9 11 23 12 12 23 12 12 8 20 22 20 5 13 16 10 12 19 18 6 24 8 20 14 13 20 8 12 18 12 16 11 11 21 16 13 10 5 6 5 9 10 16 23 18 19 20 15 24 8 12 16 12 13 9 25 15 23 11 24 17 24 7 18 15 8 21 9 21 20 19 6 9 18 18 23 19 22 11 15 20 15 17 5 12 13 20 10 24 19 18 6 5 17 16 13 14 14 7 21 6 23 5 7 6 11 5 13 11 13 12 
10 18 10 15 23 25 11 15 9 13 17 7 15 19 20 20 10 10 19 10 20 7 21 14 11 9 18 21 6 19 18 18 25 7 6 14 8 10 22 10 5 25 7 7 17 8 11 11 5 18 5 9 20 23 17 10 24 14 11 13 10 25 11 20 10 25 17 24 25 8 11 17 9 11 22 6 20 7 24 19 7 17 21 6 6 14 21 11 21 8 22 14 9 11 21 20 6 15 19 21 6 19 18 22 21 13 14 20 6 7 22 24 5 19 9 9 7 21 19 9 24 6 5 20 25 19 5 19 18 15 8 5 7 21 11 23 24 21 20 24 17 19 19 21 20 25 22 11 23 19 25 13 21 15 20 10 16 8 19 8 18 10 7 21 18 11 13 15 9 15 18 24 8 13 24 22 17 24 7 8 12 8 7 23 7 8 24 11 19 22 22 18 6 14 15 15 5 9 18 7 
18 25 7 25 16 21 15 10 9 15 20 22 10 5 6 15 25 11 15 13 25 16 10 7 8 11 17 24 14 11 11 23 13 9 9 21 8 9 24 6 16 7 13 15 10 7 14 19 23 15 19 7 23 12 11 14 19 14 17 22 25 13 9 18 9 15 7 5 15 7 13 23 5 19 24 20 22 9 12 19 17 25 19 14 20 7 24 7 16 6 24 12 15 11 23 25 25 22 6 21 20 25 18 6 9 17 9 9 10 7 17 15 10 10 21 15 18 19 19 14 8 20 25 22 20 20 12 9 25 14 14 11 24 7 5 22 9 17 10 22 21 17 16 20 13 15 12 18 18 5 19 12 9 16 12 19 10 13 11 12 24 9 19 25 5 24 12 23 12 6 8 20 10 10 7 22 20 9 24 13 17 23 18 17 19 24 19 21 15 6 25 8 22 13 12 17 20 17 11 23 
12 21 8 10 18 22 23 22 16 13 7 17 7 6 23 14 5 5 19 5 20 11 8 7 25 21 5 24 20 15 24 5 10 24 14 6 17 24 24 16 11 16 16 9 20 11 12 8 23 9 9 17 7 21 12 12 6 16 14 8 14 22 23 11 14 9 15 22 18 9 6 17 22 17 6 15 23 12 15 16 13 15 8 23 15 6 17 21 8 12 15 18 7 22 16 14 19 23 20 18 8 10 17 8 12 5 14 22 19 24 14 7 24 10 17 16 21 21 14 6 17 13 6 23 23 19 21 23 5 16 19 19 13 16 13 10 13 18 20 25 10 18 24 9 11 13 17 13 15 13 8 14 6 10 8 18 21 16 7 19 24 11 6 13 12 19 6 16 24 23 24 19 15 9 8 21 16 10 13 16 10 14 16 6 19 7 23 24 17 15 17 21 8 20 18 16 25 6 17 14 
6 15 10 8 7 8 6 17 6 18 10 8 10 13 5 19 23 13 13 25 5 18 23 19 22 24 9 24 5 10 21 8 14 22 23 18 20 6 8 5 21 22 16 23 21 19 16 20 10 10 5 7 15 6 11 21 13 13 20 18 6 17 24 14 5 18 8 20 20 16 14 11 19 17 22 11 21 19 21 15 6 7 8 7 13 20 19 5 18 7 9 6 17 14 22 24 25 7 17 8 14 5 17 10 12 8 18 13 8 22 23 22 19 5 10 20 5 19 15 8 20 16 22 20 21 10 6 23 25 5 18 23 25 5 23 15 16 10 19 12 17 14 16 14 22 11 25 8 10 23 21 18 7 17 21 12 23 12 18 11 24 15 24 6 10 24 8 11 14 25 19 14 18 23 10 19 19 24 22 17 6 10 10 17 19 19 13 24 21 25 11 25 7 8 8 8 6 10 23 20 
16 25 16 13 18 12 25 18 20 10 19 17 8 19 6 5 17 19 5 20 11 13 10 9 10 8 8 22 8 12 6 17 19 12 9 24 24 7 9 7 21 7 13 23 8 6 6 14 12 24 10 6 8 23 12 11 10 6 23 22 24 16 12 9 7 19 19 6 15 14 7 17 23 22 23 14 13 9 20 9 22 9 18 18 21 18 7 7 14 23 9 11 21 8 24 24 10 5 9 7 11 15 15 13 19 9 9 14 8 24 5 12 10 21 23 11 16 22 15 9 16 8 11 15 22 15 19 16 7 22 24 14 8 13 18 14 23 14 14 11 17 5 18 18 7 13 20 7 18 17 9 24 16 22 12 24 8 21 25 20 22 8 9 22 17 12 16 13 21 10 24 17 17 8 19 17 13 10 7 12 6 6 14 10 21 14 18 12 18 12 22 22 5 12 14 8 6 13 18 18 
22 23 23 8 25 8 6 13 10 7 25 16 20 11 5 6 24 22 14 18 24 10 23 23 16 13 9 15 24 18 8 12 24 25 21 5 12 19 7 25 12 5 12 14 13 11 14 20 7 13 12 25 17 21 10 19 19 17 7 9 11 6 20 12 11 17 7 15 10 11 22 24 16 17 14 25 16 9 17 14 18 5 22 21 5 5 21 19 6 24 22 24 8 19 20 8 16 12 15 6 24 19 22 19 7 25 15 11 17 23 9 9 11 5 17 17 16 5 22 9 17 17 8 11 11 15 5 6 14 12 17 13 17 14 10 10 20 19 23 22 23 12 13 17 7 9 11 10 8 25 13 7 17 13 25 13 15 13 7 6 12 6 10 15 9 7 23 14 11 20 5 7 13 15 5 24 16 21 24 22 22 21 5 6 18 18 11 13 8 12 8 23 22 16 11 13 18 8 7 22 
236
248
241
240
238
243
238
239
229
233
5 3 12 9 15 11 18 10 11 17 12 17 4 13 8 10 13 15 15 15 4 16 15 4 8 10 10 12 12 16 7 5 7 7 13 13 17 7 8 4 13 13 14 13 3 5 15 14 10 13 8 13 11 6 7 10 13 12 14 4 14 14 15 6 9 11 3 8 18 6 3 4 8 12 3 15 4 7 5 8 3 13 4 13 6 8 5 10 4 4 5 12 5 11 15 7 10 4 4 10 10 7 3 14 16 3 16 8 7 5 6 10 4 14 15 9 11 14 15 15 19 7 11 3 6 14 5 9 7 3 7 10 12 3 4 19 5 5 12 5 10 11 5 4 4 13 12 13 10 16 3 6 6 5 13 4 13 9 15 9 3 15 6 14 8 5 9 12 14 6 19 10 15 9 6 10 13 4 9 4 14 7 13 15 18 9 4 5 15 9 8 17 17 16 16 7 5 9 14 6 
8 7 10 19 8 8 4 6 9 11 12 11 17 12 8 10 15 16 9 16 11 12 3 7 12 5 13 6 12 5 13 17 9 4 3 20 4 6 17 16 17 3 3 7 13 18 9 9 8 7 9 12 10 8 14 5 7 17 10 6 11 6 3 7 5 10 9 4 14 12 5 11 9 12 4 4 8 16 15 9 8 16 4 3 4 8 15 9 9 10 6 8 6 6 11 13 16 14 6 15 4 13 15 9 19 7 8 8 11 17 10 9 14 3 6 10 3 16 7 4 12 11 9 6 6 9 12 12 4 13 17 15 14 5 9 13 14 13 9 6 13 14 7 12 12 15 16 14 8 8 6 12 6 14 12 6 8 13 4 13 5 14 9 9 6 12 17 9 19 8 15 13 15 3 14 12 10 15 7 9 17 8 16 15 11 5 9 4 9 7 14 8 5 5 12 14 11 16 3 15 
7 19 13 15 5 17 3 14 12 16 16 9 16 11 4 3 6 9 14 16 10 13 8 10 7 14 9 18 9 4 4 8 8 12 7 4 11 18 5 13 17 8 12 10 8 13 15 15 11 11 3 15 14 6 4 13 6 10 16 11 15 8 15 6 18 5 3 8 9 6 8 5 13 11 6 4 15 17 10 13 12 12 11 4 7 6 5 15 14 6 6 6 6 10 16 14 8 8 7 15 5 10 12 9 15 10 3 9 6 15 16 5 3 13 11 19 13 8 7 9 7 11 8 8 10 9 5 3 11 15 8 14 7 6 8 5 12 13 18 11 13 18 8 3 7 14 6 11 4 9 7 11 6 6 5 9 8 9 7 11 9 10 12 7 10 7 8 10 5 12 7 5 18 12 9 15 5 12 11 10 5 8 11 11 14 15 17 16 3 5 10 10 3 9 5 10 7 4 12 13 
11 13 4 9 13 5 10 13 9 19 16 3 11 14 13 9 4 15 10 10 10 9 4 10 7 17 14 7 13 16 19 6 14 9 7 12 10 3 13 11 7 12 13 8 6 8 14 6 3 3 5 6 13 7 11 17 9 17 17 9 4 18 3 9 14 9 13 13 13 12 16 8 7 11 11 11 7 13 5 18 7 8 13 9 14 8 4 10 6 6 6 13 8 9 12 8 7 5 15 13 11 3 7 10 8 9 13 12 4 16 6 13 10 7 12 5 9 12 6 11 8 8 12 10 8 7 3 4 3 5 5 10 17 11 12 12 11 15 6 7 10 7 8 5 17 8 18 7 16 10 16 4 14 11 6 12 5 16 15 12 4 7 11 10 17 14 16 7 9 14 12 12 3 9 8 12 8 15 12 11 4 4 11 9 7 10 8 5 11 4 14 3 5 3 8 4 8 7 10 9 
5 13 8 9 13 20 8 9 6 7 10 5 9 12 15 12 7 6 14 6 15 5 14 9 7 6 13 14 5 14 10 9 18 5 4 7 5 6 13 5 3 16 5 4 13 4 6 6 3 13 3 7 15 15 12 5 14 9 6 7 7 14 6 12 5 15 12 17 16 6 6 10 6 6 15 3 12 5 17 13 5 9 14 4 4 9 12 8 14 5 14 8 5 6 11 15 4 8 14 12 3 11 11 13 15 8 8 12 4 5 16 14 3 13 6 5 6 15 14 7 19 4 3 15 14 11 3 15 10 10 4 4 6 13 6 17 14 13 10 18 11 13 14 15 15 14 12 8 14 12 14 10 12 11 10 6 8 5 15 5 10 8 4 17 9 8 9 11 6 12 12 14 4 9 17 17 11 13 4 4 6 5 5 13 4 4 12 8 12 14 15 13 3 11 11 11 3 7 12 4 
13 15 4 14 11 13 10 8 6 10 15 13 5 4 3 11 16 8 11 7 15 12 7 4 6 6 9 17 10 6 7 13 7 7 5 15 6 5 17 4 11 4 7 12 7 4 10 14 14 8 13 4 17 9 8 10 10 11 9 13 13 8 6 10 5 12 5 3 10 5 8 13 3 11 12 15 14 6 7 11 9 13 11 9 12 5 15 4 11 4 14 7 9 8 14 16 19 12 4 15 11 14 13 4 7 12 6 6 8 4 11 9 6 6 15 9 11 12 15 7 4 16 17 17 11 14 9 5 18 11 8 6 15 5 3 14 7 11 5 16 11 11 11 15 7 9 6 9 11 3 14 9 6 11 7 12 7 7 7 6 17 6 15 17 4 15 9 17 8 4 5 16 7 7 4 11 11 6 15 8 9 16 14 9 11 16 13 13 8 4 16 6 16 7 8 13 11 11 6 17 
9 12 6 6 14 11 14 17 12 7 4 13 4 3 18 8 3 3 13 3 11 9 6 6 15 16 4 16 16 10 17 3 5 14 9 4 11 18 17 9 6 12 11 5 16 8 7 4 17 5 5 9 4 12 9 8 3 8 10 6 11 17 17 8 9 7 9 12 10 7 4 9 17 13 4 8 14 8 10 12 8 11 6 17 12 4 12 11 6 8 12 10 5 16 12 10 14 13 12 12 5 7 11 4 6 3 8 11 13 13 8 4 15 8 12 9 16 16 11 4 10 10 3 14 17 11 13 14 3 12 11 10 9 13 9 8 9 9 10 19 7 10 13 5 6 10 13 10 8 8 6 10 5 8 6 11 13 13 5 15 16 8 4 8 8 14 3 10 15 16 19 11 11 5 5 13 11 8 10 13 7 9 9 4 14 5 13 14 11 9 13 15 4 10 11 12 16 4 12 8 
4 9 7 5 4 6 3 9 4 9 6 6 6 8 4 14 17 9 8 17 3 12 12 10 16 12 7 14 3 7 15 6 9 17 18 14 15 4 4 4 16 13 12 17 17 13 8 10 6 7 3 5 10 3 8 12 8 8 16 9 5 12 16 7 4 13 6 10 13 13 11 8 11 9 15 8 16 15 15 8 4 5 6 6 7 15 10 4 13 5 7 4 13 8 15 19 18 4 10 5 11 3 10 6 7 5 14 8 6 14 13 12 12 3 7 10 3 15 9 6 12 8 12 13 14 7 5 14 16 3 12 14 17 3 15 12 11 5 10 8 14 8 11 7 15 8 18 6 6 16 13 11 4 12 14 7 13 7 14 6 17 8 17 4 8 18 6 6 8 16 15 8 10 12 8 12 13 15 14 13 3 5 6 11 11 10 9 12 17 20 8 18 5 5 5 6 3 7 16 12 
10 13 11 8 14 7 15 10 13 6 14 10 5 10 4 3 9 15 3 13 7 7 7 7 5 5 6 12 5 6 4 9 10 10 6 15 14 5 5 4 16 4 7 13 5 4 4 8 7 15 6 4 4 15 7 7 8 4 15 14 17 11 6 7 5 15 12 3 11 9 4 10 14 14 16 10 7 5 12 7 15 5 11 14 16 13 4 4 9 18 6 6 11 4 17 15 7 3 5 5 6 8 9 10 13 6 6 10 5 16 4 9 7 14 17 6 9 11 8 7 8 4 6 8 16 10 12 8 4 11 18 7 5 8 12 10 13 9 10 8 11 3 14 9 4 8 10 5 12 9 6 19 11 15 9 15 5 13 17 12 12 5 5 11 10 8 10 7 12 6 14 12 10 6 13 14 8 6 5 8 4 4 7 5 14 10 12 7 14 8 12 15 4 9 8 5 4 10 10 10 
12 12 12 5 17 4 4 8 8 4 14 13 16 6 4 3 16 11 9 13 16 7 12 14 10 10 6 11 12 11 4 7 13 19 14 4 7 11 4 15 8 4 10 10 9 7 8 13 4 9 7 14 13 15 6 14 11 11 5 5 9 4 15 8 6 11 5 12 8 8 14 14 12 9 9 13 8 6 9 8 12 3 14 11 3 3 11 14 3 17 12 16 4 14 15 4 11 9 10 3 17 15 11 14 4 13 10 6 13 15 5 7 7 4 12 9 9 4 13 6 13 11 5 8 8 10 4 4 11 8 10 10 12 10 8 8 13 14 12 13 14 8 8 10 4 5 6 7 5 17 10 4 12 10 20 7 9 9 5 5 10 5 7 11 6 4 13 7 7 14 4 4 7 9 3 16 10 17 17 12 16 14 3 3 13 9 6 9 6 7 5 16 17 12 8 7 12 4 4 15 
9 6 27 23 33 19 30 21 18 33 32 33 9 31 15 20 30 33 36 24 6 25 24 10 18 21 19 22 21 30 13 9 19 18 25 31 29 15 15 12 21 34 29 21 7 11 33 26 27 31 18 37 21 10 12 30 25 32 30 9 34 26 27 11 19 21 7 17 35 14 6 10 17 24 6 24 6 12 12 17 9 25 7 24 16 16 10 17 8 10 13 30 10 26 27 16 19 8 6 19 23 17 6 25 36 7 25 18 13 14 13 23 9 23 29 22 23 34 26 28 35 15 23 7 10 26 12 20 16 7 13 22 25 8 7 32 10 13 24 11 25 24 8 10 9 32 27 31 21 27 7 12 12 10 28 11 31 13 35 25 7 36 13 23 19 10 15 26 27 16 31 28 25 24 14 21 28 7 16 12 27 18 20 30 37 22 9 10 31 19 12 32 33 32 29 19 8 18 24 14 
16 16 19 36 21 17 7 11 16 25 26 26 30 20 17 17 25 28 19 32 24 28 8 19 24 13 32 11 27 12 23 34 20 11 9 33 9 16 29 36 30 8 7 14 29 29 20 27 19 13 18 27 27 15 29 9 16 29 19 14 24 14 8 18 9 23 18 8 30 24 12 24 18 28 9 8 22 28 30 24 16 37 6 9 10 16 28 24 21 22 11 17 12 13 24 26 30 36 15 30 10 24 33 21 34 13 16 13 19 32 21 18 26 7 11 22 7 34 20 9 30 29 23 16 13 24 27 28 8 27 33 33 22 11 20 31 27 21 15 13 21 32 13 23 24 30 33 31 18 18 13 21 13 37 19 12 16 27 6 26 10 31 15 20 15 21 36 20 34 21 30 30 32 7 28 23 20 35 15 19 29 21 30 26 21 10 22 12 24 18 34 19 14 13 31 27 25 27 9 35 
13 31 32 28 10 30 7 26 22 31 27 18 33 31 8 7 11 15 27 30 17 25 15 22 15 24 17 35 20 7 9 18 18 22 13 10 31 32 11 31 33 18 26 16 13 27 27 26 18 23 9 30 28 12 8 30 15 25 28 31 31 14 32 15 33 10 9 15 15 15 13 11 26 29 11 9 36 32 23 24 30 28 31 11 13 13 11 27 24 11 15 13 15 18 30 34 15 15 18 33 10 25 25 15 25 18 9 19 11 31 29 14 7 34 24 37 34 16 18 24 15 25 20 18 19 20 10 7 30 33 19 25 14 14 20 13 24 27 32 22 34 31 16 6 13 31 13 23 8 21 13 26 11 11 9 17 21 19 15 20 15 19 25 17 27 14 15 26 9 22 13 9 34 23 21 35 11 22 30 26 14 16 23 21 32 33 31 26 7 11 28 23 7 22 11 21 12 10 24 32 
23 22 9 20 36 11 21 27 20 33 30 7 25 25 36 17 7 29 25 17 26 23 7 20 18 29 26 16 25 34 33 13 36 22 13 25 18 7 35 31 14 24 33 24 13 15 24 11 6 7 15 13 24 15 32 33 17 32 35 22 12 34 8 21 24 25 31 28 24 23 37 20 15 25 24 26 11 35 14 34 13 19 32 16 26 18 8 26 11 13 15 32 17 17 34 15 18 11 24 28 29 6 17 24 13 15 25 22 9 31 11 26 20 16 25 11 16 25 16 24 15 14 29 23 19 14 6 7 7 12 15 21 34 24 28 26 21 32 11 17 22 15 19 13 36 20 31 15 32 25 30 9 25 19 10 29 12 31 25 26 8 13 26 25 28 23 32 16 20 27 22 21 7 17 18 26 13 33 27 23 8 7 22 20 18 18 19 9 31 8 29 7 10 9 14 6 19 16 16 16 
13 24 15 20 31 32 13 21 11 16 24 9 19 24 28 29 15 12 24 14 27 9 31 19 16 13 22 25 9 25 22 22 32 9 7 19 10 14 31 15 6 36 9 9 22 11 14 16 7 24 6 13 30 34 25 14 33 17 14 16 14 32 14 28 15 36 25 32 35 12 14 25 11 16 28 8 27 9 31 25 10 21 31 8 8 18 31 15 27 11 29 19 13 14 27 28 8 21 24 30 9 27 26 30 27 18 20 26 7 10 33 36 7 24 13 13 10 30 24 12 32 9 6 24 30 23 7 23 26 19 11 6 10 27 16 28 30 27 26 32 23 27 28 29 25 34 32 14 33 27 35 18 25 20 27 14 21 11 26 11 24 15 9 29 25 15 16 18 12 22 25 33 11 19 31 32 22 36 10 10 16 12 9 34 9 12 32 15 25 32 32 23 8 17 20 21 7 11 24 10 
22 33 8 30 20 28 21 14 12 22 26 27 14 6 8 22 33 16 22 16 35 23 14 9 11 14 22 34 19 14 15 30 16 12 13 30 10 12 29 8 20 10 18 21 14 10 18 28 34 18 23 10 30 18 15 19 26 19 23 32 36 16 13 24 13 19 8 6 20 9 19 28 7 24 30 26 32 12 18 28 21 33 24 20 25 9 35 10 24 8 33 16 20 16 28 33 31 33 8 26 26 32 26 8 12 23 13 12 13 10 25 18 12 14 29 18 27 23 28 18 11 28 32 31 30 25 18 13 31 21 18 14 33 10 7 31 12 24 14 28 29 24 24 29 18 22 16 26 22 6 25 18 13 22 17 27 13 18 16 17 33 11 26 31 7 33 16 28 15 9 11 28 15 12 9 32 25 13 33 19 24 29 24 21 25 30 26 26 19 8 36 10 29 18 18 25 24 22 16 33 
16 30 11 13 22 30 32 31 22 18 9 23 8 8 29 18 7 7 26 6 28 16 10 9 32 28 7 35 25 22 34 7 13 34 18 8 22 36 32 22 13 21 21 12 25 14 17 12 29 13 12 24 10 28 15 17 9 24 21 11 19 32 32 15 21 11 18 31 23 13 8 24 30 24 8 20 28 16 20 22 17 22 11 29 19 9 22 29 11 18 20 24 9 31 20 20 25 29 26 25 12 13 25 10 16 7 18 28 23 33 19 9 32 13 23 21 29 30 21 7 23 16 8 29 29 25 31 33 7 21 28 27 17 24 19 13 19 25 24 33 15 24 33 12 14 18 24 17 22 17 12 18 8 13 10 24 30 24 9 23 34 15 8 17 17 28 8 21 31 34 31 28 20 11 10 30 22 14 16 20 14 18 23 7 24 10 31 29 25 20 25 29 12 26 22 21 35 8 24 21 
8 19 12 11 10 11 9 21 9 25 13 12 14 18 7 28 32 17 18 37 6 22 30 25 27 33 12 31 6 12 30 11 20 29 33 22 25 8 12 6 25 32 23 29 30 27 24 26 14 13 7 9 20 7 13 30 18 19 25 26 9 22 33 19 6 24 11 29 28 22 19 16 25 20 27 14 28 25 26 22 7 9 12 9 19 26 25 7 22 10 12 9 21 19 28 30 32 9 23 11 20 7 25 15 17 11 27 17 12 30 29 31 24 7 14 27 7 25 20 11 26 23 27 26 26 14 7 29 37 6 24 29 32 7 30 21 22 15 23 17 25 19 21 19 32 15 32 12 14 33 31 22 9 22 28 15 29 15 25 15 32 21 34 9 13 35 10 16 18 30 27 20 24 29 15 24 27 32 32 25 8 15 14 21 23 24 18 34 27 32 14 32 9 10 10 11 9 13 33 27 
22 32 23 16 24 15 31 25 28 13 26 23 10 25 8 6 23 25 7 27 15 17 13 11 14 10 11 28 11 16 7 25 27 17 11 31 35 10 11 10 28 9 16 34 11 9 8 19 16 36 14 9 12 32 15 15 13 8 28 31 33 22 15 13 9 25 26 8 18 18 10 21 34 32 33 20 19 13 28 12 29 13 26 26 27 22 10 10 18 34 12 14 29 10 32 32 14 6 13 9 16 20 19 19 26 12 13 19 11 31 6 17 13 27 34 15 21 27 19 12 19 11 14 19 27 21 28 22 9 29 29 19 10 17 25 21 28 18 19 15 23 7 22 26 9 19 29 9 26 24 11 35 24 28 17 31 11 29 35 29 27 10 13 31 25 15 22 19 30 13 34 23 23 12 24 24 16 12 9 16 7 7 18 15 28 18 23 18 24 15 33 29 6 18 18 11 8 17 25 27 
31 29 33 10 35 11 7 18 13 10 32 23 27 16 7 9 29 29 18 26 30 12 29 32 21 19 13 20 30 26 12 18 35 31 31 7 16 26 10 37 15 7 15 19 18 15 18 26 9 17 17 33 23 29 13 23 28 24 10 12 14 7 24 17 15 25 10 20 15 16 32 32 22 25 21 35 24 11 22 21 23 6 33 29 6 6 30 23 9 30 32 31 10 24 28 10 23 16 20 8 34 25 31 28 10 37 21 16 24 31 13 11 16 7 24 23 24 7 29 12 23 21 11 14 15 19 7 7 20 17 25 19 22 19 14 13 28 26 34 31 29 15 19 22 9 13 15 14 11 34 17 10 21 19 31 16 22 18 9 9 17 8 13 22 13 9 33 19 13 28 7 10 18 19 7 35 22 27 32 29 28 27 6 8 26 25 16 19 12 14 10 28 28 21 15 18 24 10 9 32 
