5 200
39 41 24 29 50 28 13 30 10 45 29 35 15 11 43 20 18 35 10 43 10 10 16 16 30 25 42 30 44 32 35 43 12 48 12 12 17 10 31 25 27 43 38 31 48 12 31 38 11 15 40 16 35 34 17 27 15 32 28 48 48 30 18 42 19 48 30 49 48 27 50 30 43 15 39 30 24 19 29 22 26 21 18 19 27 31 22 35 13 21 42 15 14 48 38 42 23 13 40 25 32 19 16 29 21 37 13 10 11 31 16 43 19 17 15 30 21 10 38 25 42 42 28 21 13 48 30 12 13 22 16 12 26 21 33 49 32 48 35 11 42 16 50 49 11 39 33 48 12 26 21 21 21 48 30 13 36 46 49 43 42 23 31 16 49 31 33 31 50 17 32 49 28 33 16 28 47 27 48 47 44 25 44 47 18 24 21 37 40 21 16 20 23 33 46 23 42 20 27 37 
29 27 27 38 11 29 39 48 33 33 50 24 38 41 12 43 39 26 30 38 24 48 14 30 18 17 38 37 32 45 17 50 33 22 14 33 32 37 33 12 20 16 43 33 44 34 25 28 38 13 20 19 35 42 35 38 31 10 39 42 50 12 39 46 23 22 44 29 17 23 28 26 47 48 45 27 33 17 16 23 31 17 48 44 40 14 24 47 47 37 12 40 48 38 44 46 30 29 18 35 16 39 50 33 49 23 47 16 22 50 32 45 17 19 21 33 49 21 43 18 38 26 17 11 25 47 13 25 25 40 14 44 43 25 32 13 29 29 14 32 31 40 33 29 21 26 25 46 39 48 25 35 39 19 46 36 22 10 47 41 42 35 43 23 34 13 27 28 16 20 48 43 41 25 14 31 50 36 36 41 29 50 18 15 27 47 23 11 45 32 35 26 22 28 48 42 10 42 41 16 
19 21 17 36 40 12 44 25 14 34 47 37 42 29 24 39 46 47 50 16 20 20 23 35 48 17 27 26 38 38 31 36 33 44 10 19 19 15 22 24 50 35 20 29 23 39 39 21 40 25 38 26 44 16 50 39 25 34 32 42 24 18 29 23 33 50 48 16 12 18 47 39 35 43 16 33 46 19 50 40 20 18 35 35 50 27 27 49 47 13 50 14 43 49 22 35 23 28 43 32 18 13 47 39 32 50 27 41 21 40 42 50 19 50 21 16 19 29 22 34 24 45 38 45 48 42 29 43 28 39 43 50 40 41 24 34 49 36 18 27 28 19 30 43 14 13 33 42 15 48 14 43 18 42 50 15 41 42 24 22 16 49 30 29 41 32 17 30 32 11 10 21 30 44 25 12 47 31 38 43 26 38 17 42 29 28 33 28 24 18 13 23 21 13 40 32 31 45 15 36 
39 15 37 33 30 50 32 30 20 12 16 50 42 43 40 38 42 17 27 41 46 32 39 16 18 39 40 16 25 26 44 14 24 34 25 13 38 22 48 45 24 18 47 29 20 33 42 33 27 11 47 32 37 33 15 11 50 19 13 41 39 12 41 11 10 44 36 48 27 33 23 45 50 15 16 50 37 29 19 33 18 40 40 38 11 17 10 15 17 36 38 20 12 50 18 27 42 49 24 42 14 46 25 17 34 42 29 36 17 21 40 39 31 43 49 35 28 33 47 36 50 41 42 12 12 29 21 25 28 43 39 43 20 29 33 29 15 42 44 13 46 47 47 10 26 26 48 17 30 13 20 38 19 13 10 50 25 14 49 44 21 48 22 32 27 45 17 24 18 31 29 25 13 33 16 29 28 28 26 37 43 23 20 25 20 43 21 24 44 37 15 43 16 35 10 13 25 41 27 27 
50 12 50 14 14 34 39 10 46 33 28 48 16 16 11 41 11 46 46 49 23 16 27 19 36 44 12 48 45 12 21 19 20 17 25 19 25 36 38 34 29 16 30 17 24 32 30 47 16 50 28 12 44 41 25 10 41 23 13 13 42 48 34 21 23 27 47 22 28 30 10 13 35 19 21 17 22 42 27 44 41 29 48 25 28 48 23 10 20 30 50 12 15 39 13 14 19 50 20 19 48 18 29 25 23 34 48 15 14 23 27 29 37 27 38 14 23 23 29 13 25 30 13 39 49 11 21 15 30 45 26 30 33 12 37 20 16 41 47 38 43 46 50 43 15 38 24 47 40 43 47 11 50 18 48 31 28 36 33 43 20 38 37 48 17 30 13 32 20 49 50 10 38 25 25 41 17 41 48 48 12 29 29 37 34 18 33 22 44 33 17 32 20 46 39 49 36 20 12 10 
24 23 5 23 23 12 8 6 12 14 20 17 23 10 18 22 22 23 24 17 19 8 15 14 19 9 20 18 25 8 19 10 19 14 25 21 10 21 20 21 11 14 13 16 19 20 13 16 14 11 14 9 20 18 13 15 18 9 10 6 24 8 20 23 12 11 9 5 22 17 14 10 5 16 20 22 21 22 12 6 10 10 12 14 21 17 21 19 11 14 16 25 22 11 5 15 10 20 13 21 12 22 19 18 7 20 6 8 15 9 5 5 23 8 17 10 17 11 5 20 10 22 20 12 17 5 15 20 15 15 16 21 18 23 21 10 5 21 9 21 12 25 21 25 19 11 11 6 24 8 12 10 17 24 8 18 9 25 24 7 19 12 5 8 17 11 23 9 15 5 9 10 24 12 23 15 18 19 6 19 22 23 21 5 24 25 18 19 23 24 25 10 5 16 16 16 11 22 24 19 
7 18 16 20 21 20 11 7 8 5 20 17 13 11 9 17 18 24 10 22 20 25 6 16 12 8 9 25 21 15 21 22 25 15 23 22 21 22 5 11 14 19 16 16 19 16 13 17 17 17 14 24 7 12 18 15 7 24 13 6 10 14 6 18 19 8 13 16 19 15 21 15 8 21 6 23 5 23 25 17 9 13 5 9 12 18 21 17 9 13 22 22 6 8 11 10 16 24 17 13 15 23 8 7 18 10 10 10 19 24 11 7 18 14 6 15 5 16 16 9 10 21 18 21 15 10 23 19 14 21 8 14 9 10 17 17 19 17 12 5 7 12 20 20 15 19 6 24 18 23 21 19 15 25 10 22 8 17 24 24 23 16 12 6 25 9 12 10 22 7 25 23 23 9 11 23 5 17 22 11 24 24 9 14 19 18 13 15 15 10 16 23 21 17 17 10 25 15 17 15 
8 22 5 23 16 17 25 25 6 17 17 20 17 5 12 20 8 8 10 18 10 17 17 16 24 7 21 13 17 7 11 15 12 14 23 21 23 5 18 15 7 19 20 22 16 20 18 23 24 16 11 18 8 5 22 22 15 5 25 11 8 9 10 18 19 13 7 18 18 5 23 21 9 17 9 19 19 23 10 7 16 20 11 11 6 13 20 16 11 23 22 12 10 9 7 6 24 24 19 5 21 15 8 9 24 22 8 24 8 15 10 18 8 7 13 25 25 17 22 16 22 6 7 12 13 21 12 6 18 22 5 5 10 16 24 6 16 16 8 16 5 21 19 18 15 5 7 14 23 22 11 19 5 17 6 16 12 21 13 20 22 21 19 6 8 12 9 19 22 18 6 6 16 11 8 12 25 12 11 24 23 14 11 19 17 9 10 18 23 10 12 10 6 5 20 10 19 16 8 12 
10 21 6 14 6 18 13 22 14 22 7 9 11 7 20 11 19 15 16 25 22 15 11 21 19 18 15 24 6 20 18 9 21 10 21 7 5 20 22 8 14 22 7 12 12 18 14 11 7 16 9 6 9 5 7 11 15 12 20 6 21 24 10 15 6 8 6 5 23 19 20 15 8 15 8 7 16 6 25 10 11 11 21 9 5 17 14 24 22 19 14 6 8 10 19 13 9 11 10 16 11 24 11 20 10 18 14 17 12 20 23 24 9 14 10 23 15 7 25 19 22 22 5 20 22 6 9 5 6 7 23 16 25 23 13 5 6 22 16 12 13 5 15 22 14 12 22 10 23 21 5 15 5 19 9 13 14 6 8 14 5 23 24 10 19 13 25 9 15 11 13 15 12 19 23 18 8 5 9 23 14 5 22 13 17 23 6 24 21 25 18 22 5 15 18 17 11 15 19 11 
5 6 9 16 5 18 8 23 7 11 10 20 20 11 16 9 13 21 5 16 17 22 15 8 18 18 18 19 24 12 25 9 21 23 16 14 11 6 7 7 20 19 11 12 9 17 7 24 22 13 22 24 22 24 16 13 6 18 25 12 15 12 10 20 13 7 13 19 7 10 15 20 25 14 5 18 16 23 10 12 21 17 17 12 17 20 13 17 5 19 23 20 10 10 20 22 9 25 5 10 18 23 21 11 11 15 13 6 13 13 18 12 25 23 21 14 24 24 16 19 23 15 6 15 15 23 14 10 5 10 5 15 24 19 13 9 25 15 20 16 18 19 20 19 13 13 8 13 6 14 9 17 16 18 16 21 16 11 11 21 13 17 13 12 11 20 16 22 18 24 19 13 8 13 22 8 25 9 24 20 12 12 19 8 18 12 18 9 23 22 5 8 12 11 14 6 7 8 11 17 
671
671
671
671
671
13 15 3 13 17 8 5 4 6 7 11 13 13 5 10 13 15 12 14 9 14 6 11 7 15 7 13 14 16 6 15 5 10 10 15 14 7 15 14 15 7 8 8 10 12 16 10 8 10 7 8 5 15 13 9 10 13 5 6 4 18 6 14 18 7 8 5 4 14 12 10 6 3 12 11 12 15 15 8 4 6 7 8 9 11 10 12 10 6 10 12 13 11 9 3 11 5 12 9 16 9 15 12 11 4 11 5 6 11 5 3 3 17 6 11 7 12 8 3 12 5 13 10 6 13 3 10 15 11 9 9 11 11 15 12 6 3 12 5 15 6 18 15 19 11 6 9 4 19 5 9 7 12 17 5 10 7 14 13 4 14 6 4 5 13 8 15 6 9 4 6 7 18 9 15 9 14 14 3 14 12 17 15 4 15 14 11 10 13 15 19 7 3 12 9 10 6 17 17 10 
4 11 10 15 11 11 7 4 6 4 13 14 8 8 5 13 13 18 6 15 11 16 4 8 8 4 5 16 14 11 13 17 13 12 18 17 14 14 4 7 9 10 9 10 12 12 10 13 9 10 10 13 5 6 11 10 5 15 9 4 6 10 4 10 12 5 8 12 15 8 16 9 5 16 5 17 3 12 13 10 6 7 4 6 9 14 13 10 7 7 14 11 3 5 7 8 9 16 10 8 12 16 5 5 9 7 7 6 12 14 7 5 9 9 3 9 4 13 10 5 6 11 11 12 8 7 17 12 8 16 6 8 6 7 11 11 14 10 8 3 5 7 14 16 11 15 3 16 10 15 14 11 8 18 6 15 5 10 19 18 16 10 9 4 17 6 9 7 17 4 14 14 18 6 6 14 3 9 13 8 17 16 5 8 11 10 8 12 9 7 13 18 12 12 11 6 17 11 12 9 
5 11 4 17 11 11 19 14 4 13 11 14 13 4 9 12 6 6 5 10 6 11 13 10 13 4 12 10 12 5 8 8 7 8 13 15 14 3 13 8 4 15 12 17 11 11 13 14 15 11 6 14 5 3 11 14 8 3 14 6 6 6 5 13 12 9 4 9 14 4 14 15 6 14 7 12 13 16 6 5 9 10 8 7 3 8 14 12 8 12 12 8 5 6 4 3 14 17 13 3 11 8 4 7 17 14 6 18 5 9 6 11 6 5 9 14 17 13 16 9 15 3 5 8 8 11 9 5 10 12 3 3 6 10 13 4 12 10 5 9 3 11 12 12 11 4 5 8 13 14 7 10 4 12 4 9 6 13 9 13 11 11 11 3 6 9 5 11 16 11 4 5 11 8 6 7 13 7 7 16 12 7 8 12 9 7 5 11 16 7 6 6 4 3 11 7 15 10 5 9 
7 12 4 11 4 9 10 12 10 16 4 5 6 4 13 6 10 9 9 13 17 10 7 12 10 11 8 14 4 11 14 6 13 7 17 4 3 16 13 5 8 16 4 8 8 14 10 6 5 10 6 4 7 4 4 9 10 7 13 3 15 17 8 9 5 4 4 3 15 14 13 8 5 8 4 4 10 4 15 7 8 8 17 5 3 10 8 15 15 13 10 4 4 8 11 8 6 7 7 12 8 14 6 11 6 12 8 9 8 16 15 14 5 7 7 15 11 5 13 14 13 12 4 13 12 4 7 4 5 5 14 10 19 18 7 3 4 12 9 6 8 3 9 17 10 9 17 8 17 15 4 10 3 12 7 9 11 5 4 10 3 14 16 6 11 8 17 5 8 8 7 9 9 13 16 14 6 3 5 14 8 4 14 7 9 17 4 13 15 15 10 16 4 10 13 12 6 11 10 8 
3 4 5 11 3 13 6 15 5 6 8 11 14 9 12 7 8 15 4 8 9 16 10 5 9 12 11 11 16 8 18 6 16 12 10 8 8 4 4 5 14 10 6 9 7 9 5 15 14 8 12 17 14 18 10 7 5 14 16 7 9 7 8 15 10 4 10 13 4 6 10 13 14 10 3 10 12 18 7 9 14 11 14 6 13 14 10 9 4 13 18 12 7 7 12 12 6 14 3 8 11 12 15 8 8 8 8 4 10 8 13 8 14 17 11 9 17 14 8 15 12 11 3 8 11 12 8 6 4 7 3 10 14 11 9 7 20 9 13 10 10 11 15 15 9 10 6 10 3 8 7 13 9 13 12 15 11 6 8 12 7 10 7 7 8 15 8 17 14 19 15 7 4 10 17 4 18 7 16 12 6 9 12 6 12 9 12 5 13 12 3 6 8 6 8 3 5 6 7 9 
34 34 7 28 31 17 10 8 16 20 25 22 34 15 22 28 27 33 31 21 26 11 20 19 23 13 27 22 33 11 23 14 24 19 37 28 12 31 29 27 14 19 16 22 24 24 16 23 19 15 17 13 29 27 17 19 23 13 14 9 36 11 24 33 15 14 11 7 27 21 18 13 7 22 24 30 27 30 15 7 13 13 15 19 27 21 27 27 14 19 23 36 27 16 7 20 12 29 19 26 15 30 25 23 9 27 8 12 19 11 7 6 31 11 25 14 25 14 7 26 14 29 29 18 24 7 22 27 21 20 19 31 25 29 28 14 7 28 12 29 15 32 29 37 26 14 16 8 31 11 17 14 23 32 10 23 12 31 35 10 28 16 6 10 24 14 30 11 19 7 12 13 31 18 30 20 26 24 8 26 32 30 27 6 36 33 22 26 34 29 36 14 6 23 23 19 14 30 33 24 
9 26 20 28 28 25 15 9 10 6 27 23 17 16 11 22 25 34 12 32 29 35 9 23 15 10 13 37 27 19 30 29 33 21 30 30 31 32 6 16 18 27 22 23 23 21 17 25 24 24 21 33 8 17 24 21 10 34 18 8 12 19 8 23 28 12 16 21 25 21 27 18 12 30 8 31 6 33 34 24 12 17 7 13 15 25 29 25 13 19 32 27 7 11 16 15 22 30 23 16 19 33 12 10 22 14 14 14 26 36 16 9 22 19 8 21 7 20 22 12 13 27 25 31 19 13 31 26 17 28 10 17 13 13 25 25 27 22 15 6 10 18 25 26 20 27 8 29 23 31 28 26 22 32 14 31 12 24 33 34 28 24 17 8 31 12 15 12 27 9 35 33 34 11 14 32 6 25 29 16 34 30 12 21 24 25 17 22 19 13 23 33 27 22 22 13 37 19 23 21 
11 29 6 28 24 25 34 37 8 21 23 30 21 6 18 27 12 12 14 27 15 23 25 20 30 9 30 18 21 10 15 21 15 18 29 31 33 7 22 19 9 27 25 28 20 25 25 31 33 20 16 22 11 7 30 30 19 6 34 15 11 12 13 26 27 18 9 27 22 6 33 31 12 22 13 27 26 30 14 10 19 26 15 16 8 19 25 21 16 29 27 17 14 11 10 8 35 31 27 6 29 19 12 13 32 33 11 31 10 21 15 25 12 10 16 32 37 21 28 22 32 9 10 18 19 31 15 8 25 32 7 7 13 22 36 9 21 22 10 24 7 27 28 25 19 7 9 20 33 32 15 23 7 24 9 23 16 29 18 27 30 29 28 9 12 15 11 26 28 24 8 8 23 16 10 16 30 16 16 35 31 18 16 23 25 12 15 27 33 13 15 15 9 7 30 14 23 23 11 16 
12 31 8 19 8 25 18 27 19 28 8 12 14 9 26 14 26 20 21 37 33 19 14 28 25 24 19 33 8 26 23 13 27 15 26 10 6 30 31 11 18 29 10 16 16 24 19 15 10 22 11 8 11 7 9 15 22 18 28 9 27 29 14 21 8 10 8 7 30 26 26 18 12 22 10 9 21 8 32 12 15 14 27 11 7 22 19 29 28 25 18 9 10 13 25 19 13 15 13 22 16 33 14 26 14 24 18 24 17 27 29 32 12 17 15 31 20 9 30 24 30 29 7 25 32 8 11 7 7 10 34 21 33 33 19 7 8 27 20 16 18 7 19 33 17 17 33 12 29 30 7 21 7 26 11 17 18 8 11 20 7 28 30 13 28 18 34 13 18 15 19 18 15 24 29 23 10 7 12 32 20 6 27 18 24 34 7 32 26 37 26 27 6 18 24 24 15 22 23 15 
7 7 11 22 7 26 10 31 9 16 13 27 27 16 20 12 18 31 6 20 21 30 20 11 24 23 24 27 32 17 30 13 26 31 22 20 14 8 10 10 25 27 16 15 12 24 9 31 30 17 30 30 27 31 21 19 8 26 32 17 18 16 13 30 16 9 17 23 10 14 21 29 37 18 7 23 23 28 15 15 27 21 24 18 23 26 16 21 6 25 29 26 14 13 24 32 11 33 7 13 23 29 30 13 14 19 18 8 16 17 23 17 30 34 30 19 33 35 20 25 34 19 8 21 20 32 18 13 6 13 7 18 30 28 18 13 36 20 29 21 23 28 24 26 19 16 10 19 9 20 12 25 22 25 19 31 22 16 15 28 17 23 19 15 16 26 22 32 26 31 25 17 10 19 31 12 37 11 30 28 17 18 28 10 27 15 27 13 34 32 7 12 15 13 17 8 10 11 15 23 
