10 100
18 12 33 10 43 35 44 50 50 26 22 13 31 30 31 24 32 17 28 47 20 28 48 41 13 20 37 22 42 23 21 28 18 44 47 12 47 23 38 28 27 25 17 21 35 37 21 25 31 42 29 21 13 11 21 48 46 13 27 42 38 40 35 23 27 24 49 33 38 14 14 27 38 15 34 21 10 26 39 13 36 20 49 10 36 42 21 12 31 39 43 39 20 15 43 49 21 31 20 37 
19 40 43 50 17 18 33 30 16 44 24 35 12 24 15 28 30 12 15 15 39 11 11 19 47 41 22 50 41 50 41 49 37 15 25 15 48 39 30 41 34 24 34 15 33 34 35 28 26 27 43 17 40 33 37 48 24 14 28 12 29 14 40 33 21 29 17 46 32 36 15 28 50 31 39 39 33 17 23 24 14 36 15 17 32 34 35 44 18 46 25 41 33 49 43 10 25 15 30 17 
18 33 30 22 13 17 42 28 11 12 32 47 32 39 41 12 34 14 14 30 23 10 15 35 44 24 48 24 27 40 26 47 40 46 12 34 39 26 40 26 30 46 47 27 37 45 19 39 10 42 40 48 32 36 31 17 35 41 25 10 50 13 44 10 31 36 33 13 44 25 23 31 17 11 27 33 34 31 46 11 28 14 28 33 45 16 21 48 47 29 44 10 35 20 34 24 31 36 15 48 
28 34 17 43 41 34 25 34 29 22 49 45 19 18 31 25 25 14 48 23 19 27 20 41 14 29 22 39 23 24 17 44 38 41 42 20 37 26 27 14 33 15 29 11 17 48 33 40 18 22 45 44 41 20 50 15 19 19 26 47 14 12 31 48 41 42 27 39 43 48 33 20 20 13 23 22 42 46 32 32 36 40 22 43 18 26 39 31 47 20 20 40 36 36 22 44 50 43 19 14 
40 31 17 36 50 28 20 27 15 25 42 15 11 39 22 36 48 48 28 41 16 26 49 47 21 44 50 34 39 16 19 21 32 12 48 24 23 41 44 15 45 26 48 21 44 35 43 37 45 39 32 15 12 45 33 16 49 49 26 42 31 25 20 12 10 20 46 46 46 41 30 14 18 40 10 22 33 17 33 17 30 21 40 27 42 50 47 14 19 16 39 26 48 22 49 18 27 32 25 22 
27 28 30 10 10 43 22 48 47 21 17 30 49 46 12 45 37 23 37 27 20 19 29 48 36 46 46 31 38 10 17 10 42 49 48 29 40 44 31 26 31 10 13 43 49 30 46 16 11 37 24 39 40 39 30 23 28 26 26 39 23 31 23 10 45 39 42 13 25 37 38 26 22 38 33 24 43 45 10 30 25 12 25 34 11 46 50 50 19 20 39 29 28 36 19 38 38 24 45 26 
34 49 17 11 14 48 42 23 27 25 28 32 21 39 48 33 11 39 30 44 46 14 47 30 39 36 37 47 25 38 41 49 33 11 40 50 50 28 39 44 21 17 38 25 25 12 14 16 20 45 47 18 32 45 44 25 28 31 39 12 15 42 50 21 16 49 25 22 10 20 16 11 27 15 29 34 27 42 43 46 44 42 28 48 23 33 20 39 31 10 43 48 20 48 46 43 39 29 32 33 
26 32 41 10 34 43 47 20 21 42 41 16 28 35 39 23 29 35 41 15 26 32 41 43 15 35 34 10 21 14 48 43 28 41 13 43 10 31 29 45 45 16 33 27 26 17 34 14 23 29 42 15 16 20 38 29 20 32 17 20 26 12 38 31 32 31 28 29 33 21 48 27 19 18 37 13 33 12 25 32 23 48 34 20 28 11 12 14 18 37 28 49 23 20 19 37 16 39 12 49 
40 42 30 26 30 30 25 29 29 31 36 23 10 48 23 48 32 29 38 28 37 15 15 28 41 23 22 38 45 27 48 20 32 32 34 38 46 41 41 48 16 35 25 35 49 39 47 36 22 47 41 36 25 21 42 11 16 37 12 29 22 47 10 22 37 39 12 40 39 11 43 42 21 11 44 12 47 36 17 42 15 23 41 22 20 40 42 10 27 24 49 27 21 40 48 49 22 16 14 25 
26 29 25 21 16 20 38 41 38 24 41 41 14 31 32 32 17 23 25 35 16 17 43 24 35 35 24 16 23 31 19 48 28 30 13 35 34 26 46 23 16 39 16 48 44 48 22 48 21 11 35 14 29 38 41 34 22 31 36 38 15 13 22 19 27 40 27 12 12 25 42 40 24 41 39 34 33 40 33 31 35 14 29 35 16 14 23 47 23 35 12 24 42 48 31 31 11 13 41 41 
12 18 20 8 22 16 19 24 9 21 13 22 14 7 11 8 23 7 7 14 15 9 12 16 6 14 25 24 12 17 14 18 16 9 9 25 7 9 11 20 10 13 22 24 8 16 6 19 8 23 24 13 9 15 16 14 9 14 8 6 13 13 24 18 7 13 24 22 8 20 25 6 19 19 13 14 5 24 18 20 20 10 13 19 11 23 19 12 25 16 13 9 19 13 9 5 20 5 7 21 
15 12 9 14 16 11 5 5 9 9 15 11 16 11 24 6 13 20 8 14 7 10 11 10 24 6 12 23 20 17 10 15 21 18 11 17 13 16 25 20 25 17 7 14 11 5 10 25 6 18 9 22 6 23 21 16 23 10 6 6 6 13 12 5 18 8 14 5 14 16 23 6 19 13 19 6 7 5 14 6 8 13 25 16 20 11 7 21 15 24 6 18 9 15 16 23 24 25 17 11 
13 7 18 7 20 11 12 6 23 18 24 19 13 6 11 18 19 8 25 11 19 11 24 13 9 15 16 6 15 8 18 5 20 19 17 12 19 6 5 13 24 25 14 17 22 24 5 7 8 22 11 21 17 22 24 11 21 23 9 5 11 7 10 17 12 17 13 19 8 21 14 23 9 21 7 24 13 13 20 25 22 14 13 14 12 7 11 8 10 22 21 19 15 12 25 15 21 19 6 18 
23 20 12 12 12 17 13 12 10 9 24 8 7 22 25 24 11 6 7 20 14 8 25 15 8 20 10 9 8 20 23 5 18 11 7 17 15 18 6 7 18 10 23 16 24 14 5 12 20 21 9 24 22 14 20 12 17 10 9 7 11 6 15 9 13 10 6 14 14 23 10 19 21 18 19 6 21 17 22 12 7 16 13 13 14 6 11 15 7 9 5 17 15 22 5 7 7 16 13 16 
15 24 14 9 8 21 14 17 22 9 8 5 25 24 9 23 5 24 13 22 10 25 15 24 19 21 20 24 24 9 7 18 19 8 15 9 9 8 25 23 22 5 5 22 5 17 6 7 20 23 25 17 15 10 15 14 12 17 13 15 25 19 5 14 14 20 16 20 17 17 23 21 5 13 22 21 25 16 9 19 14 12 14 16 14 24 16 14 18 13 6 6 16 15 21 16 6 14 7 9 
23 7 20 5 13 15 10 13 18 25 22 10 18 15 13 23 23 8 7 8 10 10 7 11 6 15 5 17 7 22 6 18 25 25 24 11 14 7 12 17 24 11 22 14 11 10 24 11 18 10 16 21 16 23 10 12 25 17 5 7 6 8 16 13 19 15 18 13 9 22 17 21 23 7 25 21 5 9 13 25 17 20 23 16 12 18 17 25 22 8 6 19 20 12 9 14 24 14 24 24 
15 25 20 23 17 11 25 22 6 19 15 15 21 13 8 16 8 19 16 9 10 15 8 23 19 9 22 6 23 18 20 15 14 15 22 9 11 23 10 6 10 21 11 25 10 9 8 24 7 24 24 18 7 13 10 6 5 6 20 7 17 9 20 20 6 7 11 16 11 7 8 24 25 10 9 25 11 14 17 20 22 23 21 11 8 19 7 21 14 6 13 23 11 14 15 10 21 11 5 10 
25 15 24 24 10 16 25 16 8 14 25 7 18 23 18 21 13 14 11 14 9 6 22 7 13 24 17 16 19 8 5 5 22 21 14 13 17 24 19 7 9 23 17 5 12 24 10 25 21 6 10 14 11 18 10 6 12 12 7 7 13 18 22 7 13 23 20 22 10 12 21 19 24 17 19 15 14 20 21 14 15 5 11 8 6 6 10 14 17 20 12 15 9 10 10 10 12 25 12 14 
6 12 5 20 24 20 10 13 25 21 20 6 21 7 15 22 20 12 22 14 21 10 7 6 24 12 15 16 16 13 24 17 10 14 16 7 22 16 10 22 17 10 24 9 23 11 22 23 22 10 10 18 19 12 11 11 6 25 25 17 20 21 22 17 24 17 22 9 13 17 13 16 16 5 15 22 10 22 8 14 20 9 8 7 5 17 16 16 18 23 17 17 25 22 10 19 17 18 18 22 
16 16 9 14 18 20 5 8 13 6 6 23 10 12 15 16 20 22 12 8 9 15 16 5 9 20 12 6 12 8 8 12 8 14 7 13 12 18 12 5 23 19 7 12 22 16 18 24 21 8 5 15 6 5 12 25 19 17 5 24 6 11 23 16 11 13 12 9 19 22 19 20 14 15 18 5 16 15 9 21 12 23 20 21 6 13 24 25 17 24 5 14 25 7 18 17 7 22 7 18 
192
192
192
192
192
192
192
192
192
192
9 13 10 5 17 9 14 18 6 14 10 17 7 4 8 5 13 5 4 9 10 5 7 8 4 9 13 13 7 10 8 9 11 5 7 17 5 6 7 13 8 8 16 16 6 13 4 12 5 16 14 10 6 9 10 10 6 9 5 5 9 8 14 11 5 8 16 11 5 14 19 4 11 13 10 11 4 15 10 15 15 7 7 12 8 12 14 7 19 9 8 5 12 7 6 3 14 3 4 17 
10 7 5 10 12 7 3 3 6 6 9 8 10 7 18 4 8 10 6 8 5 5 8 7 17 4 10 14 10 11 7 10 16 12 8 9 7 12 14 12 15 10 4 8 7 3 5 16 4 9 5 14 5 14 15 11 16 6 3 4 3 9 9 3 11 5 8 3 10 9 16 4 11 9 15 4 4 4 9 4 6 7 17 12 13 9 5 15 9 15 4 11 6 10 12 16 13 14 10 6 
8 5 14 4 15 8 6 4 13 14 15 10 8 4 6 9 13 5 17 6 11 9 15 10 7 11 13 4 11 4 11 4 16 15 11 7 14 4 3 9 16 13 8 12 17 19 3 5 6 14 9 12 11 14 15 7 14 12 6 3 8 5 7 10 7 11 8 14 6 13 11 15 5 11 5 16 10 8 14 16 17 10 9 8 8 5 7 6 7 12 14 12 12 9 20 10 13 14 4 13 
16 14 7 10 9 12 7 8 7 7 14 6 4 15 18 14 8 4 4 11 10 6 14 11 6 12 8 6 5 15 17 4 13 7 6 9 8 12 4 4 10 7 13 8 16 9 3 7 11 14 6 14 13 8 13 9 9 6 6 6 7 5 10 7 8 6 5 9 8 15 5 14 13 12 15 4 15 11 12 9 5 9 9 7 9 4 7 8 4 5 4 11 10 12 4 6 5 12 8 11 
8 16 11 7 5 15 8 13 12 7 6 3 15 13 6 12 3 18 8 13 7 15 8 14 12 11 15 15 16 6 5 12 15 4 10 6 6 5 20 17 12 4 3 14 3 13 3 4 16 18 16 10 8 5 12 9 6 10 9 11 17 13 3 9 11 12 10 14 9 9 13 13 3 10 14 12 19 8 5 10 7 7 10 8 10 13 13 8 12 10 4 4 10 9 11 12 4 7 5 7 
12 4 15 4 9 8 6 10 12 18 12 6 14 11 7 17 12 6 4 4 6 6 4 8 4 9 3 10 5 15 4 10 16 17 17 9 7 5 6 9 15 8 16 11 8 6 18 6 12 6 9 11 12 14 7 6 15 13 4 5 5 5 9 8 14 11 12 10 7 17 11 11 12 6 14 17 3 5 9 13 11 15 18 12 7 14 10 17 12 6 4 13 13 8 7 9 19 8 12 15 
10 18 16 15 9 7 17 15 4 12 8 9 12 7 5 9 5 10 9 5 8 10 6 15 12 5 14 4 14 14 10 11 8 10 16 6 8 14 7 3 6 14 6 14 6 6 5 15 6 13 17 14 4 7 8 3 4 3 14 4 10 5 10 15 4 5 7 11 7 5 5 14 17 6 5 13 8 9 13 13 14 13 13 7 4 12 4 12 11 4 9 14 6 10 9 6 11 6 3 7 
14 9 18 15 6 13 18 10 6 10 18 5 13 15 12 13 8 10 9 8 5 5 12 4 8 18 9 10 12 4 3 4 11 15 8 10 12 15 13 4 6 14 9 3 7 19 5 15 13 4 6 11 6 13 6 4 8 8 5 5 10 12 15 5 9 14 10 12 8 9 14 12 17 10 10 12 7 13 14 10 11 3 7 6 3 4 5 9 10 12 9 11 6 7 6 6 9 17 10 8 
5 9 3 13 13 12 6 7 13 16 14 3 15 5 9 15 10 7 14 11 15 5 4 3 13 7 11 10 10 8 13 11 6 9 9 5 15 11 6 16 13 7 15 6 14 8 14 12 12 7 5 14 14 6 6 6 4 16 16 9 10 15 12 13 12 9 13 6 7 12 8 8 12 3 10 11 7 14 5 10 16 7 6 5 3 9 11 10 12 13 9 13 17 12 7 11 11 14 10 17 
11 9 7 10 11 13 4 5 7 4 3 13 7 8 10 11 15 12 6 4 6 12 8 4 6 13 7 4 7 6 5 9 5 7 5 9 8 9 7 4 14 10 4 8 12 13 10 15 14 4 3 12 4 3 7 15 12 10 4 16 3 6 14 12 8 7 8 6 13 17 13 12 10 10 12 3 11 11 7 16 8 16 14 15 4 10 14 15 11 14 4 9 18 4 12 11 5 13 4 14 
17 22 29 10 27 21 26 29 12 25 16 27 18 10 16 10 28 10 9 18 21 11 15 23 8 20 34 35 16 23 18 26 20 12 12 36 9 13 16 24 14 19 31 30 10 24 7 28 12 33 35 16 12 19 23 19 12 17 11 9 16 18 32 24 8 16 34 32 10 30 30 8 26 23 16 19 6 33 23 28 29 14 17 24 16 29 28 16 35 23 18 11 26 19 12 7 28 7 10 31 
21 16 13 17 22 13 7 7 12 12 20 16 20 15 31 8 16 30 12 20 9 14 16 14 34 8 15 30 28 21 13 22 29 26 16 21 17 23 35 25 36 24 9 20 16 7 15 37 8 26 11 30 8 33 28 20 28 14 9 9 8 17 16 6 22 12 20 6 18 21 29 8 27 17 28 9 9 7 18 7 11 17 30 20 24 15 8 28 20 30 8 25 12 19 20 28 30 31 23 16 
16 9 23 10 29 14 16 7 29 23 30 23 19 9 16 26 24 11 37 16 25 14 35 18 11 18 20 8 21 11 22 7 25 23 21 16 27 8 7 17 34 35 18 22 30 29 6 10 10 28 13 29 22 32 35 14 29 30 11 7 14 9 15 21 16 24 18 23 10 30 18 32 11 30 9 30 17 19 25 37 30 19 19 19 15 10 15 10 14 29 31 25 22 15 37 19 30 25 9 27 
29 26 17 17 16 22 17 16 13 13 35 11 9 28 31 31 15 9 10 29 20 11 36 19 12 30 13 11 11 29 34 7 25 16 9 24 19 24 8 10 23 12 30 24 34 19 7 15 24 28 11 30 29 20 30 18 24 15 12 10 16 8 19 13 19 12 8 21 21 28 14 28 26 25 27 9 26 22 27 16 9 21 17 18 19 9 16 22 10 11 7 24 20 29 7 9 10 23 19 22 
18 33 18 13 11 28 18 21 32 13 12 7 31 34 12 32 7 31 18 30 13 33 19 34 28 30 27 31 30 13 9 23 23 10 18 12 13 11 34 30 31 6 7 30 7 24 8 9 28 33 33 23 20 13 20 19 18 24 19 19 31 25 7 18 19 29 22 27 21 24 29 30 6 18 30 26 30 22 12 26 18 18 19 23 18 32 23 20 26 16 8 8 22 20 26 22 7 19 8 12 
31 10 29 7 17 20 14 17 26 35 27 13 23 20 18 32 28 11 9 11 15 13 10 15 8 20 6 24 10 31 8 23 33 35 30 13 17 9 15 21 36 15 30 20 15 14 31 15 23 12 19 31 21 32 14 15 36 22 6 9 8 11 20 19 28 22 25 18 13 29 23 26 32 10 32 28 7 11 19 37 22 26 32 22 17 23 22 31 32 11 9 23 28 18 13 21 31 19 35 33 
20 31 28 32 21 14 32 28 8 26 21 22 26 18 10 20 11 28 23 12 15 21 10 32 27 13 31 8 31 23 25 22 19 19 29 12 16 30 12 9 14 31 14 32 13 12 12 33 9 29 34 25 9 16 14 8 6 7 29 9 24 13 28 26 9 9 16 20 15 10 11 31 36 13 12 36 14 17 25 24 28 28 28 15 11 25 9 30 20 8 19 33 14 19 21 12 29 14 7 13 
34 19 36 34 15 19 31 20 12 17 32 9 22 33 27 29 17 17 15 19 13 8 31 9 16 29 24 22 23 10 7 7 31 30 18 19 25 30 25 10 12 32 21 7 17 33 12 32 25 8 12 20 16 25 14 8 16 15 9 9 16 22 32 10 17 32 30 30 12 15 31 25 35 21 25 22 20 25 27 18 20 7 15 12 8 8 15 18 25 26 16 21 11 15 15 13 18 34 15 18 
7 17 7 30 29 25 14 19 33 30 29 9 29 10 21 27 29 17 32 18 29 14 9 8 32 15 20 22 20 17 29 21 12 20 20 9 28 23 12 29 21 13 31 11 34 16 27 33 29 15 12 27 27 17 15 14 8 32 35 24 27 25 28 24 34 22 32 13 19 22 19 21 22 7 22 28 13 27 10 18 27 12 12 8 6 25 20 24 25 29 25 22 32 30 15 27 21 27 27 28 
24 21 13 20 24 30 7 11 16 8 8 29 13 16 21 21 27 28 17 10 13 21 24 7 12 25 15 8 17 11 12 16 12 21 9 18 17 23 15 7 32 26 10 17 32 23 24 30 30 11 7 22 7 7 16 36 28 22 7 34 9 16 30 21 14 16 15 13 23 28 26 24 18 21 26 6 19 21 12 26 15 32 28 26 8 16 31 31 23 30 6 19 35 10 27 24 10 30 10 24 
