5 100
83 93 84 45 60 54 43 67 75 43 31 91 72 15 41 85 70 99 37 7 97 107 25 40 62 86 83 8 84 88 42 53 75 56 48 77 54 28 34 89 99 57 17 44 51 31 47 96 99 24 8 16 36 83 89 100 43 100 44 27 52 17 99 62 42 38 15 7 97 47 21 91 99 95 111 42 95 30 78 49 96 75 45 113 63 48 19 75 92 88 27 102 87 15 64 17 54 47 44 91 
45 60 84 71 64 24 53 23 26 29 58 78 22 64 29 86 69 72 72 59 67 83 14 10 25 47 85 66 87 79 34 14 101 103 99 96 65 90 85 44 30 80 22 87 25 39 3 97 104 22 92 90 10 52 87 119 62 13 114 70 77 86 92 113 45 47 71 44 74 26 91 49 35 65 38 95 12 33 92 80 82 111 77 86 66 60 112 95 18 99 102 24 23 96 42 78 40 74 81 87 
104 99 77 57 32 104 84 11 13 60 41 24 58 51 34 97 40 98 18 110 74 112 47 74 28 62 95 72 117 42 78 31 35 28 15 60 113 23 35 79 83 62 24 25 52 84 33 43 42 31 116 51 14 42 49 98 57 53 20 114 82 98 70 31 65 46 56 81 32 85 92 14 56 74 52 76 63 22 83 95 82 99 58 80 3 82 108 89 94 32 93 6 51 22 50 18 38 97 55 74 
90 81 96 41 92 63 99 22 95 55 55 41 55 93 81 86 13 87 46 109 91 91 111 13 35 28 51 53 59 78 27 32 45 18 74 82 8 50 85 18 56 80 29 78 15 75 83 79 94 72 29 34 18 60 30 67 73 59 92 30 55 21 54 93 100 76 73 90 50 88 28 35 12 29 21 97 83 23 25 31 80 81 9 75 12 75 92 113 24 77 49 77 76 45 56 9 41 85 61 88 
45 22 33 33 54 66 110 23 80 42 30 114 28 72 75 92 48 107 23 68 72 110 45 74 34 45 58 90 96 10 53 37 57 30 82 87 38 70 40 28 89 76 82 51 36 55 81 20 85 82 90 102 40 21 25 31 85 90 49 72 54 47 102 86 40 61 26 85 38 70 16 63 37 76 53 36 47 112 61 23 107 17 39 40 56 27 36 54 26 39 57 46 49 43 45 35 26 61 34 63 
28 16 29 57 46 58 66 42 36 74 83 11 38 89 76 24 40 7 81 99 6 6 78 68 44 35 18 98 30 19 61 65 32 50 62 32 64 91 87 26 12 53 95 65 51 74 61 22 7 78 98 86 78 21 28 9 72 8 71 83 67 97 12 51 59 68 90 98 5 69 95 14 15 19 2 77 11 88 28 61 12 26 56 2 41 58 84 31 29 26 75 13 26 91 45 99 55 74 63 17 
56 51 27 33 40 82 50 85 95 84 50 33 80 40 72 34 34 37 30 59 42 34 94 100 86 64 25 47 22 42 67 100 11 18 8 8 44 21 21 72 86 35 82 23 94 80 99 13 9 99 29 18 97 49 27 2 39 99 1 31 24 20 20 3 76 73 45 62 42 89 30 70 81 38 67 16 96 80 23 22 24 9 33 29 39 58 6 21 83 4 8 84 84 25 77 30 66 40 31 14 
9 10 26 56 83 9 31 92 90 44 65 86 50 51 76 7 72 22 97 11 27 7 63 33 83 48 24 32 3 65 42 79 80 80 94 55 6 88 84 28 36 49 80 80 63 33 76 68 60 72 2 69 90 59 68 6 62 53 85 5 21 18 39 70 48 68 52 39 73 36 19 99 55 43 57 25 53 85 38 23 27 13 57 40 100 31 10 25 23 72 16 95 62 87 68 97 66 13 52 27 
15 37 18 77 28 46 21 89 16 57 48 80 55 20 32 17 93 18 61 10 25 14 8 92 79 86 58 66 46 26 83 83 76 96 42 29 95 51 29 85 58 22 78 43 87 42 30 37 15 36 77 77 88 54 87 34 32 49 23 80 61 91 65 20 5 39 39 21 55 22 75 76 96 76 84 15 24 96 91 88 23 23 96 40 90 45 13 7 93 30 63 40 41 64 55 98 64 16 42 14 
65 94 85 70 55 36 9 93 26 76 88 1 81 38 43 9 70 7 79 42 40 8 59 42 77 73 43 22 22 96 67 67 45 75 21 23 69 39 75 74 14 44 29 55 65 63 27 91 25 34 14 19 63 83 80 81 18 15 53 45 58 73 15 35 71 46 78 35 83 46 94 50 67 35 54 78 57 2 42 91 12 91 82 61 62 75 76 47 75 62 44 67 61 61 71 72 79 56 87 57 
798
760
810
824
868
14 13 16 34 26 39 34 21 19 37 54 8 30 60 42 15 32 4 51 62 4 5 60 49 29 23 12 55 21 12 38 46 17 27 40 25 47 66 47 13 8 36 67 40 38 38 45 17 5 53 63 46 51 17 20 6 37 6 45 60 45 74 7 34 36 54 63 59 3 44 72 7 11 11 1 40 7 48 22 36 8 17 30 1 25 30 58 24 18 19 53 7 13 65 25 61 41 41 47 13 
35 39 16 21 31 52 28 49 73 56 27 23 54 30 56 24 24 22 23 31 32 17 54 57 45 51 19 25 15 26 53 67 7 11 6 5 28 11 14 55 59 27 49 12 62 59 53 8 7 78 19 12 67 35 21 1 30 57 1 17 19 12 11 2 44 52 23 43 28 53 16 46 49 20 52 13 71 46 13 17 16 5 23 16 28 45 4 11 65 2 6 53 53 16 52 19 43 25 24 9 
5 8 14 35 51 5 21 54 49 34 48 49 38 34 48 5 42 15 66 6 21 5 46 21 66 37 14 19 2 43 27 46 56 53 62 34 4 44 48 15 27 28 52 53 48 25 39 39 34 40 1 39 54 32 48 5 37 27 57 4 13 14 28 56 30 52 27 26 39 28 12 61 43 22 37 15 30 64 26 18 16 8 30 21 56 19 5 13 17 38 9 54 41 60 46 70 46 8 32 17 
8 25 10 54 22 28 13 65 11 41 30 57 34 12 22 12 52 13 37 7 17 10 4 63 52 61 42 46 26 16 43 52 38 67 27 21 70 34 16 52 40 17 55 27 63 24 17 20 11 25 48 54 51 39 53 22 21 26 13 63 39 63 40 15 3 30 22 14 34 11 42 59 59 44 52 8 18 59 49 59 17 15 67 29 52 24 7 5 72 21 46 23 32 40 31 55 35 9 23 9 
33 54 44 46 33 26 7 53 19 46 66 1 65 27 30 6 36 4 47 32 26 4 37 23 50 57 26 16 11 60 45 35 26 39 13 18 54 25 50 55 10 32 21 30 37 36 17 68 18 24 8 11 48 52 46 52 13 11 28 27 30 52 11 21 36 34 40 23 65 30 49 27 34 18 34 61 32 2 23 68 6 53 55 32 47 59 41 24 44 48 29 42 45 42 54 43 46 29 52 29 
35 20 35 77 58 82 96 52 49 106 108 15 51 107 92 29 59 10 98 122 8 8 101 93 56 52 23 129 44 24 91 87 42 70 90 44 77 127 109 37 16 77 130 94 75 101 79 28 10 104 124 117 116 31 40 11 99 11 100 124 95 145 15 67 79 82 123 121 7 90 139 20 19 24 3 95 14 116 35 76 17 34 82 3 60 84 111 46 42 35 98 18 32 129 62 141 71 105 82 23 
81 63 38 42 57 108 66 124 142 106 71 46 108 52 105 47 50 50 39 78 58 43 139 138 105 91 36 63 28 56 98 139 16 25 10 10 63 26 27 97 105 50 99 32 125 104 126 19 11 130 41 27 124 63 39 3 58 143 2 41 30 25 28 4 94 103 64 75 53 118 44 101 107 55 100 19 132 96 33 27 32 12 48 39 50 82 8 30 109 5 12 110 125 37 103 41 96 57 37 18 
11 14 32 69 120 11 39 132 129 54 88 121 71 69 97 9 94 27 138 16 40 9 79 44 124 69 34 40 4 97 54 103 118 116 117 76 8 110 124 40 44 61 114 111 84 41 92 97 87 93 2 99 131 78 94 9 82 71 110 7 29 22 55 87 67 88 66 52 94 43 24 120 79 59 77 37 67 112 48 30 35 17 71 59 124 43 12 31 32 90 23 139 77 120 86 122 85 17 65 33 
21 51 26 95 38 63 30 125 22 70 68 98 77 28 40 24 134 22 76 14 32 17 11 111 109 128 75 89 60 36 112 108 100 142 57 36 136 65 38 109 79 30 112 57 106 56 37 46 18 48 95 93 115 74 127 44 46 65 33 105 91 115 89 25 6 49 57 29 81 29 108 92 130 105 102 19 36 132 124 107 33 29 139 52 120 59 19 8 129 36 90 51 60 92 75 142 94 24 54 20 
82 127 124 89 79 49 13 118 34 101 115 2 118 48 63 13 101 10 108 57 56 12 88 59 99 105 52 29 31 139 89 97 67 100 30 29 96 55 106 102 20 66 39 76 90 83 34 128 35 47 19 25 94 116 115 113 22 21 65 62 84 104 22 48 88 59 115 46 122 59 127 72 97 43 72 98 70 3 53 136 16 131 103 87 78 95 106 61 108 77 56 97 83 83 89 94 115 82 114 79 
