5 200
79 93 86 59 68 32 50 91 93 95 22 48 19 30 92 65 58 72 15 44 86 45 19 56 107 42 77 81 86 63 87 108 49 98 59 81 22 84 95 104 40 50 39 21 78 40 90 88 80 26 25 68 36 68 84 110 41 58 83 86 19 11 38 40 69 23 45 74 87 55 40 90 9 68 38 36 40 85 92 76 112 87 80 66 91 28 28 77 13 29 82 52 69 23 96 97 80 83 80 65 101 49 61 63 55 73 72 77 105 112 61 46 102 107 78 95 92 49 80 20 106 80 90 56 43 47 79 110 40 28 57 66 35 35 61 79 90 70 33 11 27 28 32 60 74 64 103 54 77 81 105 49 36 34 109 93 101 9 39 31 98 61 75 88 108 63 43 56 53 47 20 28 13 106 51 62 63 75 54 33 74 58 76 52 51 5 56 46 33 65 38 97 73 38 92 48 60 65 55 56 
98 73 46 57 40 17 20 19 35 63 43 55 46 90 82 100 70 102 22 34 88 107 74 83 42 42 56 85 95 36 44 22 94 103 17 91 20 98 89 81 11 11 35 72 66 95 44 30 48 20 28 25 18 93 112 32 49 19 103 98 57 75 86 79 80 74 32 90 34 89 103 18 64 4 24 33 60 32 53 97 30 55 89 66 56 102 17 25 54 36 49 31 15 20 30 18 48 40 80 70 101 49 61 64 78 72 19 94 28 42 76 23 73 88 52 105 42 37 61 9 26 42 80 10 75 57 17 46 81 24 107 72 46 60 112 17 30 44 83 12 61 91 71 29 29 40 76 118 92 61 49 90 71 90 12 82 37 89 23 61 16 69 67 102 113 90 97 35 50 17 8 66 24 63 89 100 21 34 32 35 75 23 81 80 44 115 53 59 50 103 91 95 2 99 66 44 73 45 92 99 
23 84 23 79 92 46 110 41 64 98 107 58 86 112 87 111 33 55 89 13 75 70 45 108 23 43 28 108 75 58 85 55 61 86 25 73 35 15 52 107 65 80 14 47 41 58 111 98 102 27 34 61 90 63 73 82 72 12 26 45 54 103 74 49 93 60 85 57 94 23 22 65 47 33 89 41 22 18 109 100 81 78 116 79 41 118 20 99 74 39 65 110 42 53 73 88 58 35 47 80 104 43 61 72 82 32 47 68 89 69 49 37 19 29 53 90 50 11 103 106 51 98 43 36 83 48 5 27 48 15 89 34 88 37 21 45 74 51 25 56 28 88 33 51 75 88 20 54 49 62 92 90 14 88 30 105 32 88 50 77 90 48 98 73 11 47 28 104 84 91 32 12 85 60 75 67 117 47 102 20 41 35 67 24 48 50 29 58 59 118 15 96 40 84 76 12 39 36 100 70 
81 35 25 10 11 108 59 34 90 35 55 75 67 75 104 78 48 24 78 36 3 62 23 44 6 60 56 94 19 28 28 109 106 104 17 66 36 40 45 102 93 51 109 49 95 90 88 74 64 20 105 48 99 109 50 62 54 68 45 79 107 56 14 28 39 27 13 117 40 64 84 24 31 68 69 56 28 87 59 84 99 43 29 21 71 69 23 72 79 110 43 91 90 109 73 76 84 33 69 80 51 54 39 55 67 8 68 90 43 64 49 72 86 26 44 49 40 77 40 83 65 45 60 78 73 21 53 85 84 74 74 62 77 43 86 53 95 34 54 91 27 51 80 61 71 38 95 82 94 7 34 103 35 99 41 69 108 90 36 32 31 43 51 67 35 90 55 58 59 11 27 100 20 89 72 59 117 98 22 19 37 38 111 104 60 94 41 55 41 92 53 32 91 38 55 81 94 72 5 54 
40 66 21 19 74 18 52 31 33 102 94 18 66 11 108 60 25 44 89 73 32 73 10 44 2 118 72 36 56 71 31 84 69 107 80 93 55 99 41 90 22 32 74 79 71 50 114 47 109 95 108 56 13 72 26 32 15 24 100 82 75 75 17 38 89 7 60 51 60 19 35 68 23 70 80 89 68 59 32 5 18 25 48 107 6 78 110 61 53 60 114 96 40 8 64 85 36 83 55 44 41 24 100 63 25 102 79 33 75 108 75 35 80 46 60 65 49 19 86 76 9 74 98 55 90 100 23 100 19 10 43 85 19 24 35 72 51 95 30 76 115 47 93 22 65 80 61 97 31 28 8 70 56 95 27 99 76 44 115 35 40 70 42 49 70 34 112 37 12 101 49 54 28 50 45 111 44 106 81 87 73 58 66 72 30 34 91 8 103 13 18 11 10 24 80 54 102 68 115 41 
33 27 15 58 48 72 61 13 9 11 85 54 92 71 10 44 49 39 98 65 26 65 90 49 13 63 30 25 34 55 33 6 55 11 54 35 84 20 18 5 64 58 74 98 33 79 24 26 33 89 96 42 68 50 17 1 71 49 35 26 89 94 77 72 52 78 60 40 22 46 63 28 97 40 74 85 71 32 11 34 3 31 39 48 18 74 77 44 96 81 27 59 45 87 7 5 36 38 21 38 2 55 58 51 50 48 45 30 15 4 44 74 1 12 30 23 23 55 26 94 7 37 30 63 61 68 38 9 80 76 59 43 76 73 52 38 19 47 77 95 79 90 78 47 29 51 10 54 38 30 3 64 82 69 5 22 10 93 67 83 14 46 30 13 5 50 76 52 65 72 99 87 88 5 55 53 48 41 50 71 28 57 35 66 59 96 46 68 71 40 79 24 29 76 23 55 57 56 48 50 
5 32 72 63 79 90 99 85 78 43 59 56 69 20 28 6 37 14 81 81 33 9 39 28 75 66 63 20 13 83 67 89 17 6 91 25 93 4 20 38 98 93 77 33 43 22 76 89 72 88 73 84 95 20 1 83 60 85 11 10 60 46 19 22 36 45 87 20 86 30 12 99 47 99 82 78 45 87 56 15 80 55 20 52 65 18 99 78 54 78 58 70 97 82 74 97 58 73 24 46 19 71 53 56 24 39 85 8 76 64 31 82 38 24 53 3 61 66 54 98 85 59 33 94 32 48 86 61 40 85 1 45 65 55 5 90 87 64 29 92 49 20 46 85 79 77 39 3 9 54 72 24 40 15 97 23 80 24 93 57 96 49 51 6 6 29 16 83 52 96 95 44 84 48 31 15 99 67 77 66 45 88 40 34 65 4 49 43 67 13 18 25 100 3 43 67 31 64 17 10 
96 31 96 23 14 61 3 62 51 19 3 52 16 1 33 3 68 56 18 90 30 39 67 2 85 58 78 10 42 50 23 46 54 33 80 39 77 92 60 9 49 30 87 66 76 45 8 4 12 75 69 43 13 46 33 21 44 98 92 66 48 1 35 60 22 43 30 44 24 98 85 40 64 68 30 64 90 95 8 5 24 34 3 32 70 3 92 15 30 76 56 11 69 54 36 21 55 69 63 41 13 59 47 33 29 74 73 45 30 46 60 72 88 79 54 30 64 98 2 8 54 20 75 71 32 65 97 92 66 94 29 77 13 74 99 65 36 61 86 56 81 18 74 68 46 29 89 60 69 44 10 28 87 27 90 15 75 14 69 34 29 72 15 48 100 65 76 8 34 13 76 93 35 51 46 53 3 72 12 89 67 74 44 93 59 68 73 61 45 2 91 6 76 28 41 96 63 77 1 32 
34 86 86 97 93 6 55 82 20 72 60 34 50 41 17 24 61 86 34 75 100 52 85 62 100 60 61 9 97 76 78 4 6 8 89 55 66 68 66 9 19 60 5 56 18 24 27 33 41 94 14 67 4 8 56 54 52 38 63 24 8 49 98 86 77 79 96 2 76 42 27 85 82 44 52 65 83 22 57 35 7 78 91 97 34 38 96 31 42 3 71 23 12 7 35 40 37 71 52 21 53 56 71 55 49 100 41 17 63 54 72 37 28 95 76 68 73 30 80 38 41 68 42 35 32 81 48 23 32 28 34 40 35 60 15 66 19 77 48 15 88 64 24 45 31 77 15 34 16 95 67 18 79 18 68 36 3 24 79 88 70 66 56 34 71 25 62 56 53 96 82 7 97 15 47 61 2 23 88 93 67 65 1 9 44 11 76 51 68 12 56 86 17 71 65 26 20 45 96 63 
68 50 85 92 37 95 62 85 87 8 9 91 37 95 9 48 85 75 26 48 80 41 91 66 99 3 43 85 48 35 89 23 42 5 36 13 66 11 73 13 92 77 29 22 49 60 6 68 9 11 12 46 99 32 80 72 100 94 6 27 34 31 95 67 14 97 47 60 51 93 67 39 82 47 29 24 35 59 87 99 84 91 66 7 99 25 4 46 65 46 4 16 62 93 53 23 80 34 64 70 67 94 18 52 80 7 27 83 35 11 34 67 35 61 49 43 59 83 27 26 98 35 22 62 28 2 86 15 95 97 69 27 100 87 82 39 69 18 76 35 1 58 13 96 50 36 60 11 70 91 99 47 61 7 79 20 38 60 4 67 76 38 77 63 45 67 1 84 94 12 62 58 90 64 73 7 72 5 32 16 31 55 53 42 79 82 30 96 6 92 97 97 97 81 36 55 5 53 1 67 
1547
1699
1589
1614
1694
26 15 10 40 37 51 34 7 5 7 61 35 59 51 6 29 30 23 65 34 17 40 52 39 8 49 23 17 26 30 23 4 30 6 33 28 48 12 12 4 40 40 49 75 25 40 13 18 25 50 56 27 36 31 9 1 51 28 23 13 64 65 52 45 26 42 40 31 18 32 42 17 72 24 54 61 41 24 8 19 2 20 20 24 13 47 60 33 66 59 20 30 28 63 4 3 22 21 12 29 1 42 45 39 32 28 28 21 9 3 22 55 1 8 17 18 18 40 14 74 5 19 22 50 34 46 30 6 59 41 33 33 48 42 32 28 14 34 46 53 54 52 41 35 20 36 7 43 23 21 2 50 54 40 4 14 7 72 45 47 9 23 21 9 4 27 54 31 42 53 75 47 68 3 33 41 33 27 26 44 20 38 20 35 36 58 32 36 52 27 56 16 20 54 18 44 44 44 31 39 
4 21 55 36 47 69 69 59 56 34 38 40 52 14 15 3 21 9 58 42 20 7 24 15 42 37 45 14 7 62 39 47 12 5 50 18 74 3 12 30 58 51 53 20 26 13 41 54 38 64 50 62 50 14 1 50 48 63 9 6 40 25 14 13 19 29 45 13 45 24 9 68 27 56 42 60 25 53 37 9 40 34 14 41 49 11 64 53 37 40 40 38 58 57 50 53 42 38 12 30 12 48 33 43 18 28 59 4 56 42 20 63 28 16 30 2 43 51 32 56 45 37 19 56 18 34 65 44 27 50 1 32 40 31 3 48 58 51 17 64 25 16 33 62 56 47 20 2 5 30 48 16 30 12 72 17 61 13 63 38 54 29 35 4 5 21 13 42 31 55 59 34 51 35 19 10 52 50 47 53 24 69 25 25 45 3 27 27 45 7 12 14 52 2 32 35 17 42 12 7 
51 21 56 14 11 37 2 45 34 14 2 40 12 1 18 2 36 28 11 66 22 24 44 2 63 46 43 5 25 38 17 34 36 17 61 27 49 57 40 5 26 16 46 38 53 33 6 3 7 60 47 32 8 29 18 15 24 50 70 45 29 1 20 40 15 28 23 32 15 49 47 22 33 38 21 32 66 61 6 3 17 27 2 21 49 2 55 8 19 46 36 7 47 28 21 15 37 54 42 28 7 38 25 24 17 56 58 32 15 28 45 46 59 54 42 18 50 63 1 5 36 12 54 44 20 41 61 62 43 57 20 45 9 50 59 45 18 47 59 35 50 9 41 44 31 23 54 35 49 29 6 21 69 21 56 9 40 11 39 18 21 49 8 32 65 36 51 5 27 9 47 63 26 31 24 31 2 37 9 53 36 53 28 63 42 41 49 37 35 1 50 5 38 15 29 55 34 49 1 23 
24 49 62 52 55 3 32 57 13 51 34 19 36 22 12 16 44 47 21 49 75 35 46 37 80 46 43 5 56 40 50 2 4 5 58 34 44 41 46 7 10 34 4 29 14 19 19 18 31 50 10 43 2 4 40 39 31 28 33 13 5 35 50 54 39 57 57 1 51 27 18 58 49 28 33 39 48 14 41 21 4 41 59 77 22 22 53 21 27 2 43 14 8 4 20 24 19 46 36 17 30 38 36 39 34 65 28 12 44 33 38 23 18 75 42 49 49 18 54 27 32 36 25 18 20 41 28 12 17 17 19 26 26 42 8 53 10 43 31 12 47 49 15 28 19 57 10 19 11 75 49 9 59 11 39 22 2 19 52 67 54 35 44 17 50 15 49 44 29 76 54 5 50 11 25 42 1 18 66 69 36 48 1 5 23 7 40 36 49 7 42 50 13 46 49 19 12 28 56 43 
53 31 46 54 27 63 35 57 62 6 6 48 28 67 5 28 50 45 14 35 63 25 49 42 70 2 23 49 27 25 58 12 27 4 27 8 42 7 37 7 60 49 15 13 29 47 4 47 7 6 7 28 65 18 47 55 66 56 3 19 25 24 73 53 9 69 37 48 33 59 53 27 58 33 15 12 21 30 49 58 65 55 48 5 72 20 2 26 43 24 3 10 41 51 39 18 63 21 41 41 34 64 14 30 55 5 14 59 20 6 24 40 24 36 38 34 32 56 15 20 72 23 12 39 17 1 65 11 71 54 50 16 65 69 52 23 48 12 48 26 1 43 7 67 27 25 47 7 48 70 76 37 46 4 40 10 22 38 3 51 57 24 39 38 28 46 1 56 52 8 45 31 62 35 37 5 53 3 19 8 21 38 33 21 49 58 17 68 5 73 65 67 63 43 21 33 4 31 1 44 
49 39 22 75 69 107 81 19 13 15 120 76 126 92 13 59 66 58 143 96 36 81 126 65 17 81 38 32 45 78 43 9 78 16 72 50 125 26 24 7 80 73 111 126 46 106 35 35 47 132 116 61 94 65 25 2 97 70 46 32 108 132 115 104 64 106 86 56 28 67 79 38 143 58 99 114 99 45 15 48 4 43 52 59 26 109 113 58 121 110 40 76 67 125 10 7 45 54 30 57 3 68 85 72 74 58 66 39 21 6 65 96 2 16 36 29 33 70 37 121 10 52 41 93 90 91 54 12 108 97 74 53 95 103 77 56 27 61 111 134 118 133 115 70 36 68 13 77 56 37 4 84 105 103 7 28 14 139 91 101 20 67 37 16 7 69 92 73 92 98 131 113 124 7 77 72 60 49 71 94 35 72 51 82 78 129 60 93 87 55 117 32 38 105 33 69 78 78 61 71 
6 43 105 92 104 117 139 114 112 55 82 83 88 29 34 8 51 19 103 101 46 12 57 42 100 86 82 27 16 106 100 108 21 8 122 33 117 5 24 54 124 136 103 45 58 29 107 113 100 108 94 112 124 28 2 111 84 114 14 15 73 65 26 28 50 57 129 30 106 41 16 145 65 142 111 116 62 111 69 20 104 78 28 66 89 26 148 106 74 101 83 105 125 100 108 134 86 92 30 61 27 100 71 79 34 53 126 10 111 83 39 116 52 35 64 4 83 80 75 130 102 81 47 134 41 58 122 86 58 121 2 60 92 78 6 125 114 87 37 135 67 25 66 114 117 107 57 4 12 78 102 29 60 22 142 34 97 35 126 72 143 70 69 8 8 39 22 101 73 131 118 55 117 70 43 19 141 94 104 82 54 109 51 47 96 6 67 64 87 16 24 37 149 4 58 84 45 87 21 14 
128 38 130 31 20 84 4 92 66 26 4 77 21 2 43 4 93 82 26 134 41 48 96 3 123 70 104 13 51 72 30 62 80 41 99 47 102 122 82 12 64 40 125 83 110 60 10 5 15 112 84 64 17 61 49 31 58 128 111 80 59 2 51 79 27 56 39 59 34 140 127 52 88 94 39 79 131 127 10 6 35 47 4 41 94 4 128 20 43 99 82 13 99 71 53 26 79 88 85 59 18 82 70 42 43 103 106 56 44 62 76 93 114 106 75 41 80 123 3 11 81 30 102 103 45 91 121 111 94 138 38 103 17 105 148 88 54 87 125 77 109 24 91 84 66 38 119 75 94 56 14 34 124 34 113 20 100 18 83 45 43 105 18 60 143 97 112 11 45 17 114 133 51 63 56 78 4 104 16 115 88 99 64 135 73 99 90 81 56 3 125 8 91 38 50 130 83 114 2 48 
50 125 121 144 135 9 79 115 26 93 84 44 63 57 22 35 78 105 47 99 143 73 106 88 141 89 74 11 138 102 104 5 8 12 124 78 89 85 86 12 28 84 7 84 27 31 39 40 61 113 17 100 6 12 80 72 78 50 78 35 11 70 141 103 94 102 139 3 108 58 35 111 109 57 71 96 118 29 81 52 9 100 122 137 46 46 140 44 62 4 96 30 17 9 43 54 48 104 78 26 69 80 98 68 64 145 54 25 88 80 93 49 40 137 98 87 109 39 103 55 56 92 57 44 44 102 59 34 40 42 45 52 46 80 19 95 28 93 63 19 124 83 32 58 41 99 20 50 23 122 90 25 115 26 99 47 4 34 110 123 88 83 77 50 88 32 81 76 66 130 107 8 144 19 59 89 2 31 108 137 98 90 2 12 55 16 111 70 83 16 79 104 24 97 96 31 29 61 138 87 
95 61 125 118 50 126 84 107 113 12 13 126 51 141 11 65 127 107 38 69 104 56 121 97 139 4 54 119 68 47 113 32 54 6 47 17 84 16 98 17 128 114 39 31 63 88 9 98 12 15 16 64 135 44 109 87 147 114 8 34 44 43 131 92 18 134 57 81 63 130 90 58 117 62 42 33 48 88 117 138 116 110 93 9 147 31 5 64 89 65 5 24 78 119 73 34 110 47 87 92 82 117 23 74 105 9 40 121 48 13 51 95 52 75 62 59 81 121 36 38 131 52 31 91 34 2 118 18 130 122 103 40 143 124 100 47 94 22 112 52 2 85 16 132 69 49 89 14 104 122 130 68 82 10 100 25 52 84 5 81 100 53 93 89 63 90 2 103 116 16 79 77 116 86 99 10 87 7 43 22 46 81 75 62 95 103 39 127 8 136 119 122 142 113 44 74 6 68 2 91 
