10 100
18 72 27 31 56 116 98 86 76 37 116 26 71 21 50 61 74 64 37 79 69 69 100 46 11 67 56 14 24 98 46 105 28 95 31 47 35 96 84 19 43 100 56 83 75 78 70 55 23 20 30 9 38 81 111 101 59 60 28 54 96 60 88 29 42 36 59 59 17 91 71 34 91 61 118 57 43 47 67 55 97 20 30 103 14 75 19 32 49 81 64 96 80 71 86 36 69 30 103 68 
45 26 48 76 65 105 13 22 106 113 21 30 96 82 87 91 108 77 30 77 71 37 10 26 89 100 37 88 49 93 33 33 75 90 16 74 39 95 66 99 99 89 62 14 26 41 84 46 82 80 62 94 85 35 31 92 91 78 90 9 102 105 85 103 17 94 35 55 102 105 16 43 58 23 75 82 48 59 95 46 32 75 68 64 46 28 56 66 64 98 23 84 33 26 32 1 33 93 89 93 
35 64 90 61 66 112 36 92 57 78 8 67 47 96 72 9 23 67 94 44 16 96 108 44 21 77 58 98 96 42 102 23 30 45 51 96 41 54 32 85 98 81 65 49 66 103 49 17 12 68 20 79 75 70 90 59 81 88 37 47 52 82 82 82 92 89 72 76 92 46 64 22 50 57 75 117 40 96 71 75 88 49 69 51 93 21 27 106 33 66 40 80 61 93 59 27 21 32 83 71 
61 90 108 70 25 56 85 115 36 76 57 115 53 48 41 40 82 73 28 38 21 103 27 96 55 58 49 104 26 36 40 52 63 54 67 116 107 29 94 53 53 109 82 111 4 72 93 53 58 90 96 15 49 91 113 114 56 26 22 96 71 85 97 36 104 83 22 111 90 70 8 100 39 43 114 97 51 45 71 53 39 60 25 40 84 28 105 114 104 63 41 29 31 28 99 61 105 65 42 28 
3 21 116 49 97 108 71 71 116 54 60 51 49 77 84 57 59 50 99 41 84 63 63 17 55 92 81 24 58 34 33 81 70 97 47 17 44 96 104 57 12 11 49 37 26 52 90 70 20 22 89 25 99 40 34 88 101 90 35 50 67 23 89 109 83 103 51 82 66 83 18 77 88 107 26 84 102 81 37 73 70 43 99 71 63 27 55 16 25 94 40 64 70 32 18 111 108 23 89 44 
66 67 70 35 42 60 28 51 78 103 90 112 19 24 23 115 43 6 20 103 72 84 92 93 55 57 104 71 42 84 112 106 93 67 89 82 64 106 67 74 13 37 46 84 73 109 12 88 98 98 54 105 18 76 19 67 65 22 58 95 80 76 67 74 34 87 75 49 103 26 25 116 94 89 114 107 30 52 25 107 20 27 53 84 36 15 38 17 76 32 66 50 63 53 69 76 25 11 106 29 
91 64 60 40 81 23 38 56 59 106 39 34 51 39 68 67 68 82 44 100 93 12 28 65 28 69 89 103 40 67 84 117 21 25 58 92 89 88 29 36 62 26 18 70 30 101 84 100 90 68 39 34 78 53 14 15 63 18 91 89 19 45 91 92 52 75 80 82 103 54 101 49 75 72 82 97 84 89 76 92 109 97 40 57 41 48 89 114 50 26 90 27 79 19 18 14 60 107 79 20 
41 95 66 103 64 25 41 46 34 93 111 57 47 24 39 33 67 89 25 61 62 50 33 57 66 63 69 49 70 32 83 40 14 26 62 87 71 88 40 84 38 110 108 48 76 63 76 27 94 75 16 75 87 58 58 99 40 94 61 21 44 28 26 58 47 86 92 53 27 26 16 2 58 21 82 82 22 70 5 45 91 65 119 59 61 76 100 98 56 53 24 99 92 51 42 15 53 57 53 52 
78 91 36 35 15 85 77 60 63 65 55 79 60 81 89 19 17 115 24 57 78 84 78 13 59 23 75 49 103 20 95 64 20 112 84 81 101 6 53 105 29 29 103 81 56 48 53 102 18 45 46 24 104 31 97 38 21 45 37 66 77 22 59 67 64 61 49 40 79 34 79 99 65 26 102 104 46 32 88 100 101 64 99 33 82 39 90 49 109 105 99 31 8 91 42 103 32 57 44 31 
105 34 38 71 65 23 77 9 89 23 66 64 33 107 43 55 98 42 114 65 84 67 62 74 82 37 89 96 80 38 102 82 69 58 25 31 57 50 86 93 19 74 89 12 77 54 94 84 27 72 81 87 58 86 58 46 18 55 44 70 13 44 37 17 13 82 47 111 42 98 95 80 98 99 14 57 6 89 59 101 75 43 15 57 81 72 33 80 46 22 73 58 94 79 53 25 70 101 68 84 
83 38 76 71 64 5 15 23 40 84 1 89 33 83 56 45 44 55 70 33 36 47 11 57 97 43 47 94 81 23 56 12 84 26 70 59 84 10 27 93 78 16 64 26 46 25 51 65 91 99 80 95 69 31 8 16 62 55 81 56 13 61 29 85 75 73 61 55 85 18 42 75 24 51 2 61 69 71 40 60 6 81 71 4 94 35 100 70 63 25 48 16 36 42 31 73 49 79 2 48 
64 94 66 37 47 16 91 81 14 5 87 85 9 33 15 22 10 36 85 36 47 67 92 86 15 12 67 28 58 11 81 74 27 25 90 40 77 12 40 22 2 32 40 89 81 62 17 57 29 32 46 24 25 66 88 25 26 36 27 99 11 11 23 14 88 22 86 46 1 10 93 66 63 81 33 20 64 43 19 66 70 44 49 43 64 80 49 37 52 3 87 32 79 92 84 100 72 16 14 12 
67 54 29 40 35 1 82 22 57 27 94 53 62 15 44 100 90 39 20 74 89 25 7 68 93 41 56 6 13 61 17 92 82 60 61 22 68 63 89 34 19 35 51 66 43 9 68 97 92 44 82 36 39 32 30 48 39 13 66 56 54 32 23 36 12 14 37 32 19 61 41 96 69 60 35 2 63 12 39 33 13 69 48 69 15 81 84 6 68 37 75 21 48 26 42 94 83 77 37 41 
57 11 7 41 84 65 23 6 78 33 62 4 61 60 68 65 39 46 82 77 86 15 76 17 56 63 72 8 80 80 79 65 57 48 43 1 3 89 27 66 54 2 25 3 99 32 25 63 44 26 21 90 62 18 1 7 51 82 92 22 47 26 12 66 7 32 87 4 22 40 94 21 68 70 1 21 52 76 37 51 69 41 82 71 20 92 11 4 12 49 69 73 88 89 22 55 1 44 63 75 
98 97 4 55 6 11 46 45 4 52 55 62 65 33 31 44 47 53 6 64 30 46 50 96 66 17 27 89 45 87 79 37 45 14 73 99 61 22 3 58 96 92 67 75 92 64 18 31 89 88 18 92 5 80 70 24 4 28 81 71 54 85 27 8 38 15 51 30 39 19 97 40 32 3 92 19 18 21 78 47 49 59 14 39 45 81 47 87 84 13 73 51 49 84 84 5 12 95 21 74 
52 42 38 70 72 60 87 67 23 11 29 8 92 97 95 3 69 98 82 9 47 35 24 27 66 54 10 39 61 23 3 1 24 53 21 22 39 11 40 40 93 64 74 24 41 6 96 30 4 4 64 14 93 27 91 44 46 83 52 20 37 39 48 32 87 34 26 67 11 77 76 5 27 30 1 3 78 62 89 12 86 93 63 22 83 96 66 93 41 85 39 55 53 53 45 30 83 90 14 72 
30 50 52 78 30 82 82 51 46 12 76 87 64 80 35 48 36 21 74 12 12 93 85 48 80 50 14 9 62 50 35 4 93 94 62 19 18 16 74 69 47 76 97 40 91 5 19 7 31 50 74 85 30 64 88 97 50 86 12 27 85 60 20 24 60 46 32 38 17 48 16 56 40 46 25 6 34 25 40 9 6 6 61 44 75 73 32 1 53 86 28 91 22 92 85 91 48 12 24 89 
61 17 35 7 47 84 68 62 67 24 6 61 58 83 63 69 36 23 84 53 40 52 88 53 53 39 32 60 35 72 33 75 95 84 39 14 47 26 67 36 73 4 11 67 45 46 44 84 11 33 95 44 18 53 51 13 65 15 46 84 57 78 91 44 71 30 22 67 78 79 98 100 46 91 32 28 82 33 100 63 10 47 2 62 58 33 10 18 56 57 96 13 10 54 61 93 53 60 63 52 
39 21 73 76 89 32 31 42 46 53 64 24 49 31 24 91 86 6 93 61 34 21 36 92 50 95 41 64 13 100 24 52 88 3 35 29 13 97 53 3 72 87 1 33 56 71 67 13 91 60 62 84 16 89 5 65 91 67 67 47 31 98 53 46 41 49 66 73 40 75 30 4 53 89 13 5 66 76 19 5 19 52 13 72 28 63 25 72 7 10 4 78 100 25 79 12 76 52 77 70 
1 81 77 32 43 83 33 97 25 78 55 44 76 14 78 60 4 66 4 49 31 35 56 41 19 71 20 22 28 79 18 26 36 49 92 73 57 66 31 19 87 28 32 100 28 47 22 30 90 44 33 31 58 25 58 65 98 51 74 49 92 68 71 97 93 35 60 10 65 7 11 22 19 2 92 44 99 26 44 9 40 64 87 48 38 34 81 29 56 99 28 58 23 29 52 84 33 18 48 20 
416
379
385
374
398
385
388
411
398
388
63 24 57 56 50 4 10 15 21 61 1 64 21 52 44 31 33 28 55 19 24 29 9 34 74 29 31 47 59 15 42 6 62 18 55 41 50 5 16 65 62 9 47 15 27 18 34 46 55 67 54 48 47 22 5 10 47 34 47 42 7 37 22 46 38 39 32 29 56 9 33 39 16 29 1 31 40 38 21 34 3 43 53 2 75 22 65 50 44 16 32 9 28 22 23 54 37 63 1 30 
33 64 40 24 26 11 64 64 11 4 62 54 7 20 9 16 8 22 54 19 31 49 48 58 9 9 49 16 38 6 64 46 16 19 53 26 50 7 28 15 1 23 22 45 50 39 13 42 17 25 36 12 15 37 44 20 13 26 14 78 6 8 12 7 66 12 56 32 1 6 74 45 37 53 18 13 38 23 10 49 50 34 28 25 46 56 30 22 39 2 45 19 49 51 58 78 45 11 8 7 
48 29 19 25 26 1 57 11 33 19 72 41 37 9 35 63 47 28 15 37 46 20 4 35 61 32 29 3 8 38 9 56 50 34 43 17 42 50 71 26 14 25 38 36 22 5 47 58 61 32 58 22 26 16 18 28 29 8 40 37 41 19 16 18 7 9 25 18 13 48 31 58 55 46 23 2 37 8 20 25 8 53 30 45 11 54 65 3 46 23 39 13 34 19 24 75 64 50 20 25 
31 8 5 29 65 41 14 4 52 26 35 2 40 45 49 35 23 27 57 46 52 9 60 13 42 50 44 6 50 64 52 50 35 38 30 1 2 55 21 48 41 1 14 2 67 20 16 35 25 18 15 65 31 11 1 4 34 65 51 12 37 16 7 50 4 20 56 3 15 24 61 13 52 41 1 13 31 55 29 26 47 32 55 39 14 54 8 2 9 31 49 51 53 68 13 44 1 24 45 42 
75 75 3 40 3 8 36 35 3 35 34 41 44 23 20 27 32 30 5 39 18 36 27 57 51 9 19 65 28 67 49 24 29 8 44 61 44 14 2 37 59 64 36 55 47 34 9 21 49 52 10 55 3 43 53 15 3 22 41 51 36 51 21 6 21 8 32 16 26 14 73 28 22 2 47 14 13 14 40 32 38 34 8 21 31 46 25 58 60 10 58 38 39 66 48 3 7 68 13 39 
38 33 20 51 49 35 47 41 17 7 16 4 62 49 54 2 43 54 42 5 33 26 15 20 39 28 8 27 44 13 2 1 16 37 13 16 29 7 21 24 67 41 52 14 31 4 67 23 3 2 35 9 57 21 65 32 31 45 41 15 22 29 34 24 56 21 13 43 7 42 42 4 16 17 1 2 59 48 58 6 45 68 40 13 55 70 39 50 22 60 20 35 39 29 31 19 45 62 9 52 
19 32 35 58 19 56 64 39 27 9 46 67 44 62 24 33 24 15 43 7 6 71 54 29 61 33 10 6 49 37 21 2 70 72 32 14 14 13 55 44 38 55 59 27 72 4 11 5 21 39 47 67 18 45 55 65 31 43 8 20 50 35 11 14 43 26 16 29 10 33 10 32 21 33 14 5 20 14 23 5 4 4 34 26 42 49 24 1 39 53 18 70 14 71 43 52 35 7 17 54 
43 10 25 4 25 45 44 49 49 16 4 31 37 46 47 51 20 13 62 38 23 36 67 30 34 22 25 41 25 48 20 40 65 64 29 11 34 17 35 24 57 3 9 53 24 27 24 44 6 21 61 28 10 33 39 10 48 8 30 62 36 46 71 35 41 18 12 49 49 58 71 76 26 57 24 18 52 26 78 34 6 34 1 37 39 17 7 11 30 33 71 10 6 28 37 59 33 34 46 28 
31 16 55 52 54 23 18 22 37 40 48 17 27 20 16 67 63 4 52 37 23 14 23 53 36 61 28 34 9 62 15 37 67 2 24 23 7 52 42 2 46 49 1 17 40 52 34 10 72 35 48 62 12 47 3 34 52 52 52 31 21 73 34 34 26 26 35 46 22 39 18 2 29 48 9 3 38 57 13 3 10 36 7 53 15 32 17 49 5 5 3 55 51 16 58 8 39 38 54 54 
1 51 48 19 33 60 25 74 16 43 41 34 41 9 52 32 3 36 3 35 16 28 38 30 13 46 14 12 17 49 14 14 23 37 49 44 39 42 18 13 50 19 18 67 15 36 14 21 48 31 21 20 37 16 35 37 49 38 52 35 66 54 37 62 72 18 47 6 44 5 8 15 10 1 57 31 61 19 23 5 24 50 68 32 23 25 55 22 35 69 16 43 18 21 31 43 24 9 30 14 
114 55 106 96 88 7 22 34 57 123 2 123 45 101 81 66 61 79 90 48 45 58 14 70 135 54 65 135 113 28 78 15 124 38 101 87 103 14 40 116 115 21 93 31 63 37 73 85 123 126 108 123 98 44 11 20 84 70 105 83 17 90 37 124 91 91 82 68 120 24 54 97 31 72 3 78 87 104 55 72 8 104 96 5 133 50 142 86 84 36 65 22 53 54 43 105 64 100 3 59 
78 124 86 51 67 19 114 116 17 6 112 113 11 42 22 30 14 43 120 44 64 94 122 122 20 16 97 35 78 16 107 103 38 36 120 59 103 15 53 27 3 43 55 133 112 89 20 82 41 39 66 32 37 96 112 30 39 53 38 124 14 14 28 17 126 28 129 65 2 12 115 90 91 119 43 29 87 58 27 94 88 53 62 56 91 96 73 52 75 4 120 43 99 129 116 129 88 20 20 16 
99 75 41 53 48 2 112 27 82 40 116 72 81 18 55 135 129 52 28 104 130 33 8 99 112 49 70 7 17 78 24 115 99 86 79 32 85 79 108 43 26 44 72 92 55 13 84 137 136 61 102 45 48 46 37 60 55 17 80 72 70 38 29 51 17 20 46 41 25 77 52 119 97 78 50 3 91 15 49 44 17 100 65 89 18 117 124 7 94 49 107 31 67 32 52 131 109 96 47 56 
83 15 10 61 112 88 29 9 116 48 80 5 78 81 84 80 52 56 107 96 119 18 110 23 75 88 102 11 106 110 101 93 69 68 56 2 4 111 37 86 72 3 36 4 136 48 31 78 66 36 29 121 79 23 2 8 65 119 112 29 70 32 17 92 9 41 129 5 27 59 132 31 90 86 2 26 65 111 49 63 91 58 115 94 26 130 16 5 18 68 85 89 115 113 27 67 2 64 93 94 
133 126 6 74 7 14 68 62 5 75 78 90 95 44 44 57 64 76 8 79 41 60 67 138 90 22 36 129 65 117 104 51 56 19 92 129 73 31 4 73 139 115 90 100 133 92 26 38 124 127 24 125 6 114 94 30 5 40 112 87 69 121 38 11 46 20 61 39 52 27 129 52 46 4 127 24 22 28 94 57 67 83 19 50 62 104 60 122 116 16 97 63 71 123 101 7 16 130 26 95 
76 51 46 102 89 80 119 82 29 16 39 11 128 134 139 4 91 129 114 11 63 43 32 34 85 71 12 54 85 28 4 2 31 78 26 27 48 15 54 50 113 78 95 33 50 7 118 45 5 6 87 18 114 32 115 55 67 118 72 30 55 53 62 42 127 46 34 87 16 110 103 6 40 43 2 4 103 83 127 17 128 119 88 27 106 118 81 116 59 112 57 72 69 74 56 40 123 121 18 90 
45 60 76 102 41 111 109 61 64 15 95 114 94 100 46 63 53 30 109 16 16 121 104 67 99 69 19 11 92 65 46 5 115 140 88 23 23 24 102 96 63 104 129 58 113 7 25 9 46 60 91 104 41 79 120 118 73 104 16 34 113 89 30 31 77 58 40 54 24 68 20 71 58 63 37 8 48 35 49 12 8 8 73 66 103 99 42 2 75 106 41 119 27 128 109 134 68 17 30 113 
80 21 50 10 70 108 94 86 87 31 9 75 76 111 87 90 46 31 118 70 58 72 116 78 69 50 45 72 44 97 46 106 125 114 50 18 62 32 88 48 99 6 16 88 61 66 57 124 16 47 120 59 23 74 73 18 96 22 56 114 76 107 122 59 101 37 31 87 111 97 139 149 56 117 45 38 102 44 147 88 14 64 3 90 81 43 14 26 81 77 132 19 13 78 87 127 68 76 92 71 
47 29 89 96 109 40 46 62 61 74 94 31 61 39 35 114 110 7 134 90 46 31 45 112 71 119 56 77 18 134 29 75 121 4 44 40 18 126 65 4 88 110 2 42 72 92 84 16 133 75 87 121 22 126 6 79 123 87 87 61 44 144 79 66 58 62 89 96 49 110 36 6 64 127 19 7 83 107 27 7 26 76 16 87 36 79 33 106 9 14 5 110 148 37 107 16 94 64 112 88 
2 101 101 44 59 118 41 123 37 97 76 54 107 19 107 81 5 94 5 61 40 50 78 58 25 94 26 32 34 114 25 33 43 66 135 91 70 94 42 28 122 37 43 136 40 67 28 39 132 63 47 40 73 35 86 87 143 72 111 62 135 84 90 123 135 52 82 14 86 10 16 29 24 3 117 60 124 36 64 12 50 91 120 61 47 42 107 38 69 146 38 76 34 43 74 111 49 23 70 29 
