20 200
40 20 38 108 107 20 93 33 91 94 25 75 82 66 25 98 21 104 84 41 48 41 108 99 29 75 92 11 83 35 33 96 12 24 81 106 25 83 86 30 99 59 57 26 9 21 63 79 16 81 28 109 64 49 106 95 67 83 8 107 50 14 89 27 77 70 21 92 30 98 89 110 50 81 117 32 14 24 16 87 54 48 15 27 51 58 18 94 81 78 26 55 47 95 94 24 51 29 91 88 57 110 43 37 85 18 96 29 71 93 108 9 63 69 87 58 62 44 12 58 87 31 42 29 65 112 21 74 77 20 43 20 36 64 61 81 81 11 37 111 7 30 15 14 28 73 101 88 60 64 45 99 59 76 85 107 68 96 92 67 97 99 59 57 7 91 69 32 63 106 74 96 100 20 27 74 22 69 23 108 42 59 32 9 39 27 96 49 29 22 101 96 43 89 94 87 64 61 65 44 
53 68 12 27 61 28 66 40 95 28 77 108 98 11 55 102 21 42 30 58 97 111 97 95 78 32 73 85 10 26 80 12 102 86 55 4 56 106 104 52 46 6 111 21 111 25 34 95 37 22 31 78 31 61 20 23 79 34 76 66 48 85 98 116 95 12 54 99 17 44 30 27 69 61 74 48 14 50 36 68 86 88 39 17 24 36 62 61 75 66 74 87 43 37 74 33 49 101 34 95 38 78 40 107 69 91 25 86 94 54 63 63 103 90 104 45 61 62 69 49 88 54 52 89 62 101 119 50 54 49 92 66 57 42 48 35 83 78 71 95 72 9 52 64 52 111 71 52 100 107 80 54 72 76 49 37 21 42 69 93 93 56 38 25 89 19 98 59 44 28 19 21 77 72 29 19 92 22 76 37 91 19 62 63 13 106 51 74 106 26 22 27 39 60 35 48 80 28 5 27 
51 68 21 51 57 60 33 36 37 97 67 94 17 97 101 27 52 43 21 69 119 102 62 66 81 49 16 54 49 76 79 50 103 27 108 14 5 51 58 48 28 72 108 104 72 111 90 39 39 88 14 73 52 102 46 81 59 30 71 103 108 46 61 43 6 38 59 101 56 91 66 70 100 43 47 88 26 102 18 72 98 43 95 57 52 78 47 109 104 108 100 41 40 33 44 102 21 34 106 48 87 82 56 60 44 11 36 34 55 110 45 105 87 36 66 79 38 47 48 49 81 37 72 32 40 44 58 25 61 35 17 28 74 115 16 15 38 59 51 67 15 38 83 40 96 94 17 94 18 28 24 99 108 33 35 3 100 15 19 75 31 39 48 25 24 35 30 118 40 35 22 78 70 71 20 35 63 89 73 26 99 82 4 106 94 67 27 70 99 64 37 95 50 109 72 97 77 20 92 53 
31 42 95 98 17 80 90 1 23 74 49 116 54 93 10 53 61 104 75 63 52 50 21 51 87 87 70 51 25 60 89 9 73 93 25 23 47 12 25 61 67 84 17 29 50 68 92 70 26 23 64 60 65 33 24 54 65 84 79 51 72 76 80 14 16 80 102 90 63 63 87 47 89 19 38 74 90 55 100 107 32 89 68 117 57 19 15 12 40 47 85 69 15 47 78 41 43 60 106 98 58 67 12 12 24 100 85 42 28 25 10 57 25 67 96 17 78 95 96 82 80 10 50 94 44 15 67 25 72 69 30 111 41 62 48 51 75 89 66 105 109 52 92 56 11 46 24 44 14 70 23 59 25 89 28 43 100 45 85 20 28 28 21 13 54 50 56 62 37 33 101 37 49 93 92 43 98 79 27 63 20 55 80 22 47 57 62 90 78 106 60 68 96 19 98 72 106 113 67 43 
22 61 100 80 41 66 105 58 24 41 32 84 86 86 46 74 94 76 92 36 104 26 58 70 28 29 13 17 24 96 87 39 9 83 88 111 47 72 58 45 37 66 92 76 111 100 73 35 62 108 68 84 39 59 7 72 28 104 27 59 66 49 94 35 75 52 84 14 25 115 13 29 80 15 100 14 50 95 67 16 102 79 33 15 15 59 61 62 78 76 60 77 80 102 16 78 85 65 93 116 60 22 64 59 69 108 18 35 52 53 81 103 17 53 102 78 76 44 54 65 45 57 57 84 32 47 79 78 78 39 59 102 55 81 35 85 108 31 80 75 12 100 86 69 82 43 45 41 99 34 42 117 76 23 82 64 34 42 58 47 26 97 78 105 62 64 85 81 20 69 114 77 43 41 43 67 25 100 21 16 11 93 49 31 67 30 25 16 36 41 58 42 54 42 56 37 28 103 86 63 
95 71 20 46 49 27 68 54 26 59 105 58 98 83 11 65 104 40 56 45 35 90 103 80 77 59 30 113 50 36 2 30 40 49 91 44 6 88 44 68 18 15 79 64 94 53 97 38 69 55 54 60 67 88 42 102 45 76 54 33 40 62 46 20 89 38 71 22 23 80 93 12 108 92 83 31 103 13 92 72 36 82 46 72 35 103 23 49 40 26 11 34 98 60 8 78 77 34 58 93 41 79 106 8 32 28 8 24 47 57 89 31 93 7 59 110 97 42 41 26 76 20 79 63 105 76 50 10 101 76 62 28 55 66 64 64 41 90 37 65 57 78 73 43 55 82 109 30 64 96 49 43 19 56 67 23 66 76 64 64 39 5 64 83 70 100 108 108 58 86 105 61 18 73 107 77 115 17 103 29 97 38 89 87 88 92 56 62 21 49 55 32 37 65 41 78 86 28 63 52 
18 22 60 40 25 45 22 45 56 29 64 90 73 103 56 53 37 69 22 91 44 104 64 65 14 45 99 14 73 16 72 29 51 93 43 78 52 34 41 64 54 37 84 53 16 30 98 77 29 110 92 85 81 97 100 61 4 31 39 54 15 34 51 77 54 75 27 105 96 66 84 6 98 80 32 101 11 41 54 114 98 101 101 55 91 104 45 96 33 56 114 84 90 72 24 55 23 62 38 39 74 88 98 15 88 100 64 45 69 77 99 105 17 30 87 63 84 24 58 74 54 74 26 52 26 26 31 41 41 97 113 40 72 29 27 91 59 25 92 52 11 44 16 74 104 49 90 47 3 77 47 34 21 102 74 32 82 93 84 102 87 58 83 69 31 45 44 40 76 81 39 95 60 29 105 4 76 111 28 71 65 27 71 25 72 97 110 114 95 91 85 105 52 33 50 70 102 7 38 86 
18 118 63 91 45 106 74 45 80 91 71 82 56 62 83 16 27 64 53 56 112 104 112 56 57 69 93 90 68 95 107 62 55 89 70 35 26 25 46 26 72 9 100 45 57 109 92 36 109 45 82 17 107 74 115 30 100 95 97 20 68 68 44 99 72 50 65 87 20 104 78 41 106 26 109 92 3 79 74 17 100 46 40 37 36 50 53 99 108 23 63 88 112 50 14 90 85 99 77 91 95 39 37 42 26 63 45 36 39 86 81 38 31 77 30 60 62 81 42 58 100 28 45 72 100 64 52 94 61 56 57 30 10 13 62 29 29 90 9 93 43 109 95 75 47 10 63 73 100 97 87 28 90 67 67 25 86 78 31 28 43 63 101 33 39 85 108 104 83 51 10 79 46 63 72 29 87 38 45 82 99 114 29 31 23 100 10 51 100 83 90 58 22 67 99 68 45 86 18 25 
52 81 55 38 51 11 103 24 58 59 12 102 82 49 78 48 98 29 42 8 81 111 86 106 26 114 38 89 47 61 52 100 66 110 100 50 32 58 46 107 85 10 35 64 40 61 98 28 85 59 66 81 98 76 64 19 73 96 71 70 95 41 38 17 75 77 74 101 81 88 74 44 62 75 57 44 103 52 66 100 86 56 59 38 77 98 105 48 55 84 49 68 91 59 19 85 17 99 37 79 55 50 35 107 54 37 72 100 68 86 70 52 98 92 88 46 96 34 101 44 55 55 92 106 71 32 93 98 104 77 65 35 31 96 7 68 84 42 67 36 64 52 14 43 47 77 54 38 43 69 36 20 48 47 74 82 101 97 25 50 40 53 87 3 51 61 80 25 104 100 62 14 39 77 10 86 14 47 9 89 101 7 88 117 104 78 42 42 23 35 16 79 62 15 100 77 55 39 78 55 
54 42 91 20 107 73 105 21 31 58 60 75 24 75 46 111 62 33 13 15 89 48 99 65 38 72 35 94 93 110 77 38 38 42 98 23 37 54 16 110 67 12 87 95 39 84 72 104 97 98 39 51 104 103 79 31 52 13 17 17 70 116 45 59 62 36 19 12 91 80 38 35 38 29 56 72 26 66 42 63 55 18 25 60 106 27 33 82 74 52 24 7 21 78 22 23 89 25 67 85 82 7 75 105 32 35 113 87 117 96 41 55 35 26 106 77 63 32 114 66 96 26 24 92 113 44 104 38 14 69 22 33 37 79 59 106 14 36 72 51 14 91 71 26 66 13 110 103 41 51 81 94 34 72 20 57 66 84 13 55 64 93 59 59 115 78 43 32 39 102 101 70 58 73 42 92 95 75 38 14 53 98 51 77 80 32 105 33 76 88 11 28 59 63 48 42 67 13 47 94 
36 86 64 78 35 83 79 106 74 90 25 14 26 73 53 50 38 88 86 35 107 49 88 11 91 28 106 6 37 53 26 113 65 43 31 67 49 5 60 64 35 78 17 49 101 97 66 52 45 8 44 56 18 45 66 85 24 40 66 57 80 29 106 84 98 68 87 55 94 89 94 28 37 62 72 42 50 50 62 23 10 60 89 36 79 54 102 69 79 93 35 63 7 78 106 90 100 63 51 83 37 43 24 18 54 68 82 89 40 42 87 105 75 53 105 95 33 56 44 67 100 63 88 96 79 73 55 94 52 90 74 49 56 40 104 100 73 23 31 17 87 57 19 103 93 24 91 75 36 17 94 24 34 30 95 29 49 37 42 83 61 91 59 99 7 96 40 79 30 16 13 44 41 69 48 105 94 25 14 63 98 82 23 109 54 36 120 79 83 70 20 107 70 18 81 60 50 107 75 26 
58 84 80 86 25 89 78 43 33 38 38 25 58 40 18 11 86 102 58 83 21 56 59 55 38 37 29 83 104 54 36 94 42 19 50 64 35 32 43 67 104 21 35 94 89 23 58 86 93 18 54 85 73 62 101 83 48 61 63 75 39 100 92 36 54 18 99 19 97 40 50 12 50 59 114 101 37 43 55 49 65 72 111 66 105 40 99 107 4 24 116 95 15 90 19 89 46 44 72 37 92 10 61 79 28 77 73 102 60 17 50 38 7 16 80 71 91 78 80 66 38 86 73 98 108 9 86 33 117 38 67 104 111 26 47 84 88 46 43 16 69 25 19 73 56 103 46 53 61 93 103 100 115 63 114 102 65 70 15 30 63 48 77 91 102 53 74 33 71 34 90 2 8 86 71 18 104 10 47 40 117 82 78 34 113 20 46 70 45 45 101 25 67 38 46 11 81 42 80 49 
72 56 51 44 92 87 88 100 90 56 70 65 32 42 92 14 102 61 77 47 59 47 12 4 30 21 87 58 77 80 36 42 36 7 114 46 9 91 102 85 51 104 102 67 71 78 20 11 66 12 58 18 54 55 66 58 100 28 51 88 35 83 103 61 64 27 21 77 61 28 20 85 114 76 75 23 35 11 91 54 19 24 100 92 25 30 56 18 44 95 21 44 109 46 97 77 46 35 67 28 39 30 118 74 38 19 58 33 54 11 26 98 31 111 22 83 82 72 47 19 37 62 47 86 105 65 86 88 67 95 99 32 10 71 30 106 75 42 49 82 94 107 59 99 21 23 37 44 67 28 34 79 85 107 36 38 66 103 71 69 103 55 95 85 53 65 78 40 71 19 42 16 89 28 57 37 21 40 13 111 95 65 30 13 53 93 8 111 82 62 24 81 24 61 67 22 17 13 116 39 
63 102 82 83 68 11 101 10 38 102 105 85 91 74 95 30 52 66 94 112 80 49 28 47 112 44 42 47 67 95 75 63 42 26 65 75 54 73 78 66 69 31 65 46 97 66 24 90 89 73 18 32 36 111 65 54 80 39 53 21 17 75 96 81 27 14 62 46 59 73 75 110 46 31 15 39 25 98 25 80 82 85 55 30 22 78 23 87 95 101 53 30 17 81 91 57 34 64 57 30 91 71 50 50 110 50 52 71 57 23 14 31 22 35 74 101 19 86 64 38 77 30 80 43 66 38 46 66 53 42 102 47 27 94 107 39 57 77 104 30 71 66 49 16 93 17 78 44 104 26 85 38 56 103 31 46 98 42 19 99 41 95 105 18 59 68 13 69 55 24 91 111 98 68 91 68 71 31 38 45 101 59 52 43 38 8 32 59 98 43 83 13 112 49 88 87 94 83 17 20 
44 7 86 64 37 73 77 43 45 56 101 64 94 87 46 112 19 109 41 32 86 98 100 26 88 20 62 59 22 88 50 66 98 23 53 107 25 69 38 102 34 115 106 92 93 112 42 102 87 114 33 107 112 68 24 77 29 78 92 84 78 41 68 92 62 110 94 41 69 87 34 27 14 54 84 17 4 37 101 79 66 13 30 41 58 92 27 113 104 103 14 13 60 98 105 100 13 32 77 66 47 37 22 64 30 39 40 112 105 54 24 5 88 23 89 38 80 35 47 56 15 11 21 37 22 118 62 57 22 113 65 87 51 38 28 98 80 81 109 91 46 51 61 72 20 98 100 24 68 81 79 57 17 47 13 56 71 102 37 13 93 39 33 92 48 64 92 57 15 15 19 13 49 63 71 25 41 55 23 109 43 21 68 105 117 92 88 67 67 95 60 19 20 103 71 107 112 36 87 77 
40 14 92 37 90 104 76 41 105 36 116 80 34 47 53 74 115 34 49 69 79 43 11 108 70 54 38 26 72 16 75 90 50 36 42 85 54 74 78 33 13 6 41 50 71 70 105 100 104 102 58 70 33 78 84 37 66 27 108 104 34 11 96 14 53 43 15 43 26 71 78 39 25 89 82 77 90 48 87 82 88 47 69 51 83 70 86 85 60 63 67 115 90 28 17 108 111 15 90 37 54 42 72 79 26 95 67 38 62 60 13 19 22 64 46 45 61 115 57 113 16 96 52 101 65 97 102 75 118 101 38 37 64 29 63 95 62 53 83 74 32 7 96 55 21 70 65 61 85 48 6 45 93 32 53 81 101 88 65 77 19 25 20 17 56 21 48 55 24 98 106 106 53 32 53 57 104 81 37 93 71 88 20 108 42 35 55 81 11 78 94 44 71 100 97 51 98 50 19 84 
80 105 25 61 35 82 18 112 26 82 64 76 25 58 74 30 85 92 71 48 77 45 47 45 50 97 54 75 73 48 78 113 29 34 62 87 20 67 77 71 34 76 102 31 5 22 17 104 58 13 112 12 97 109 118 10 53 74 34 90 36 91 40 14 42 24 52 115 99 75 69 28 69 69 78 98 64 68 90 103 68 88 37 102 40 51 10 17 21 86 11 58 36 98 32 44 85 20 39 56 77 61 25 57 22 31 71 60 104 4 67 22 36 96 58 53 89 77 40 101 81 36 49 44 31 67 16 58 92 87 86 88 34 24 109 39 59 12 56 83 22 104 36 102 35 50 23 24 96 55 80 20 33 23 50 77 54 84 85 100 34 13 83 47 101 40 54 73 36 68 14 96 87 99 15 84 90 71 27 53 51 34 50 39 93 16 82 105 31 34 62 48 12 71 94 74 78 50 11 23 
63 115 65 31 20 30 74 31 59 64 65 80 52 87 25 40 25 101 69 100 60 104 86 71 80 73 57 33 105 20 20 93 44 111 39 21 77 92 101 31 35 89 55 70 73 70 71 73 28 29 70 97 69 65 68 35 25 55 80 48 89 14 55 94 32 39 57 101 81 51 90 92 36 97 17 92 94 18 50 25 53 93 11 75 63 71 29 110 87 76 26 8 89 62 102 16 74 63 17 52 32 88 28 4 41 16 36 74 76 114 114 48 62 7 74 13 115 16 6 69 57 16 29 63 40 15 37 30 71 89 42 92 62 31 79 84 76 58 34 106 108 59 25 59 35 112 33 33 73 40 86 108 99 19 55 88 66 48 115 94 56 25 56 87 56 111 78 25 103 19 23 44 70 77 2 93 97 65 74 40 79 104 30 83 89 32 4 14 87 15 115 88 51 45 49 83 7 78 69 50 
13 36 50 44 57 57 54 69 92 69 16 22 45 68 29 95 17 21 88 63 33 96 15 29 97 101 47 27 106 68 33 57 54 67 112 107 77 89 26 71 30 30 89 87 34 61 69 47 44 79 11 74 48 32 65 3 21 70 87 32 15 76 60 50 103 14 40 72 71 85 28 83 18 18 37 69 65 10 9 84 106 79 30 9 86 87 62 73 5 12 98 111 87 62 75 78 48 105 37 46 85 81 50 71 77 21 118 84 8 104 58 53 48 37 54 96 77 88 63 31 85 68 64 39 108 109 73 27 95 85 39 93 111 74 51 86 96 112 78 26 68 98 120 26 88 92 86 82 100 82 33 26 29 83 80 96 77 20 85 50 19 23 33 3 61 42 43 99 79 46 61 58 55 69 86 14 81 102 77 56 28 21 29 52 15 22 113 62 45 43 92 61 86 53 80 69 46 51 91 5 
82 103 39 60 80 11 10 113 108 75 58 33 30 99 21 42 37 96 82 22 36 47 47 17 58 89 34 86 48 22 51 41 73 60 17 99 23 49 48 40 88 13 27 67 22 73 76 57 38 34 41 42 88 23 37 95 46 108 60 28 21 66 34 85 35 23 77 60 96 84 76 75 88 107 94 76 33 60 48 18 97 93 13 89 89 67 61 98 39 69 35 95 13 113 42 42 79 56 28 35 43 21 55 82 31 107 25 41 110 42 25 47 23 46 78 75 19 76 31 9 52 16 71 89 83 73 88 74 72 26 73 36 43 70 66 25 71 6 56 86 45 43 8 30 77 35 84 73 72 86 91 15 76 92 70 16 42 42 81 70 32 64 71 98 87 80 79 51 75 101 97 16 49 112 11 56 77 61 34 101 56 23 56 46 54 85 109 100 35 19 19 59 71 64 28 56 56 84 75 92 
62 86 64 12 10 87 10 86 27 16 89 44 21 53 93 16 85 5 24 78 63 75 6 14 87 26 19 93 29 77 88 14 92 79 21 15 87 28 21 84 14 47 60 85 96 94 47 32 97 40 80 12 49 67 7 7 36 25 96 10 60 100 24 79 28 45 100 29 89 11 26 11 65 26 1 69 99 85 98 22 63 67 93 81 57 63 83 27 30 24 80 62 69 15 12 77 69 78 18 28 51 1 71 76 20 88 9 80 43 24 13 93 39 40 22 59 53 63 100 56 15 70 64 84 47 2 87 40 26 90 75 82 68 37 40 32 29 90 68 1 99 80 97 98 88 32 8 13 61 43 57 22 44 29 23 6 47 17 20 44 18 18 54 59 95 29 50 82 51 10 47 11 1 92 87 38 85 40 79 10 66 49 89 98 81 91 17 55 80 87 16 13 72 17 25 23 45 58 51 72 
53 48 99 86 40 75 55 61 12 83 44 12 12 97 63 8 100 67 91 56 17 9 15 19 27 69 40 35 93 79 30 99 14 27 59 100 65 11 9 60 63 100 1 80 1 79 82 19 81 91 73 30 90 55 90 79 30 74 38 53 70 18 6 4 20 91 49 20 88 57 89 78 38 54 27 69 95 55 84 47 17 18 78 95 86 65 51 57 37 54 41 32 69 72 34 77 68 6 74 15 77 42 72 1 50 28 88 32 18 60 41 54 9 23 3 66 57 55 39 66 14 56 54 24 41 11 2 52 63 59 25 47 62 65 66 66 18 29 32 20 49 99 58 49 68 7 30 56 9 10 31 63 36 45 68 77 97 75 34 12 21 60 76 77 30 98 16 53 72 85 92 80 29 49 75 88 13 90 26 72 11 89 40 54 89 10 59 36 8 79 86 88 66 42 85 63 29 85 100 92 
53 44 85 56 58 59 68 75 73 15 41 21 90 19 10 91 66 62 86 45 2 7 52 55 32 57 96 57 66 41 32 58 8 78 13 88 96 51 44 59 86 45 10 5 33 4 22 72 70 33 92 41 69 17 57 36 62 80 35 12 7 55 59 73 96 81 61 15 60 17 49 37 2 68 54 24 85 17 90 45 15 78 7 63 57 37 62 2 9 10 15 74 78 84 63 7 84 68 1 70 30 23 59 51 77 91 76 73 53 2 64 1 22 72 42 41 73 68 61 69 35 65 32 89 65 61 59 76 49 76 87 86 42 4 87 93 78 45 64 46 100 78 27 80 22 14 94 7 86 83 85 2 10 86 67 99 10 89 98 43 77 63 58 90 93 70 79 1 80 80 92 32 51 33 95 69 58 24 45 87 21 26 97 11 17 37 83 41 19 42 66 18 64 11 37 8 39 100 16 57 
70 72 16 20 89 27 22 100 79 43 61 5 63 14 94 53 45 1 32 51 53 67 80 58 14 23 33 61 96 48 13 93 42 16 78 92 57 95 94 56 44 35 91 80 59 34 11 34 93 85 45 61 37 84 96 66 43 23 37 70 38 37 21 87 100 30 3 29 58 39 31 61 24 85 70 31 13 47 12 4 71 18 42 1 51 82 100 94 74 57 27 48 100 64 23 64 58 52 3 9 52 38 89 91 95 1 17 72 89 86 100 62 96 51 24 96 38 25 15 38 39 94 63 10 76 96 38 95 38 44 71 6 62 39 57 66 46 12 35 13 9 53 11 53 96 55 79 69 97 46 98 42 82 23 91 64 18 74 18 100 74 90 87 91 67 63 59 54 74 70 12 64 57 25 14 68 9 25 78 39 88 52 39 99 54 58 40 18 39 8 51 42 6 94 14 32 7 2 53 70 
86 47 19 27 75 49 13 47 80 76 75 24 32 21 65 45 16 32 26 74 11 83 57 36 86 83 99 95 80 20 32 75 98 38 13 7 65 45 48 76 65 47 12 37 7 2 36 67 39 1 45 32 65 54 95 39 74 7 75 42 47 52 23 77 34 60 34 100 86 4 91 86 30 97 13 88 51 19 44 95 3 42 81 90 90 48 52 57 40 35 58 30 24 7 88 32 29 52 8 2 60 89 50 58 48 8 85 84 61 64 20 9 97 56 2 42 38 65 55 45 64 61 49 17 88 64 22 42 28 74 45 7 66 36 67 17 5 83 22 30 95 2 26 34 20 63 58 78 17 75 62 1 33 98 33 53 77 75 55 56 84 8 37 2 42 51 19 38 92 48 3 26 69 73 59 42 80 7 87 85 97 21 66 72 45 84 81 89 85 64 52 70 59 59 63 75 87 14 15 39 
13 50 87 70 58 84 51 53 95 53 7 50 4 19 96 52 9 76 45 72 70 25 11 26 26 53 86 8 59 75 100 88 79 58 22 57 97 17 68 33 91 89 25 52 26 55 14 81 40 54 64 43 44 25 67 14 66 39 52 80 75 57 55 100 13 63 38 79 82 26 10 95 4 22 30 71 11 88 15 46 65 20 62 43 83 4 86 71 71 85 94 70 12 54 93 34 44 78 50 24 65 35 13 99 81 85 93 80 64 47 32 82 18 98 44 9 20 73 72 80 39 84 26 49 4 33 61 98 13 37 57 76 60 40 46 52 75 30 75 54 51 36 29 69 46 34 3 75 47 14 59 71 82 49 49 90 47 32 43 47 69 98 43 19 39 12 11 7 52 30 16 60 96 29 6 36 2 96 15 72 18 82 19 22 18 16 47 59 97 60 56 81 71 39 76 32 34 90 48 65 
85 84 44 64 85 71 98 57 49 72 38 26 42 4 57 56 75 42 89 20 66 1 49 50 88 59 8 90 37 86 29 74 57 9 70 28 59 80 72 53 61 74 20 62 93 78 13 44 91 7 28 34 29 8 10 48 97 82 77 67 99 86 59 27 61 45 88 14 24 47 31 95 19 35 87 2 99 74 60 4 14 11 2 61 17 7 59 18 84 52 2 31 28 45 81 66 98 55 79 76 40 33 13 96 16 11 54 64 50 34 6 1 99 78 32 53 23 95 49 47 47 34 91 50 95 92 70 80 80 21 7 68 30 72 89 19 53 77 18 63 97 73 96 46 14 52 26 64 98 42 69 73 91 16 33 87 29 26 35 2 27 52 20 40 74 68 65 73 40 34 62 10 46 77 4 97 32 1 73 41 53 89 42 77 32 9 1 3 17 19 21 15 69 73 52 40 14 100 82 15 
96 1 51 14 66 2 44 61 39 13 49 30 59 49 27 88 93 43 56 54 7 16 7 48 46 34 19 11 50 17 14 47 51 22 38 82 85 80 60 88 29 99 13 74 45 8 14 84 8 72 39 94 7 31 5 75 6 8 23 94 39 39 69 19 44 60 56 14 88 11 33 77 5 90 10 12 99 23 30 87 21 72 78 76 82 52 62 20 7 87 50 27 2 60 92 28 22 2 26 12 22 69 77 76 80 42 67 80 71 23 36 68 85 40 85 45 57 39 61 52 17 86 71 44 15 44 61 16 43 56 51 71 92 98 41 76 75 29 96 10 67 7 26 44 61 94 57 48 19 23 18 87 12 43 40 77 18 29 87 76 73 53 20 84 62 18 9 17 24 52 96 34 55 50 31 77 21 77 73 26 11 6 82 87 80 17 96 53 5 22 17 43 89 43 6 42 58 15 98 86 
65 28 46 76 62 95 13 80 45 50 99 16 37 64 40 64 15 88 63 99 33 4 32 2 76 2 65 31 62 52 59 16 51 1 13 62 73 59 71 10 24 99 84 55 61 44 9 73 22 59 49 36 19 28 48 84 28 24 40 34 17 60 81 87 39 33 47 11 33 29 38 70 57 30 61 75 5 64 44 19 15 55 46 83 36 17 14 67 50 27 56 34 26 46 83 27 100 10 83 42 47 68 80 13 53 71 49 5 50 15 33 52 19 22 31 56 19 68 13 76 55 51 23 6 50 84 20 8 12 40 39 67 78 5 98 37 30 74 50 70 39 59 97 69 67 28 65 68 61 49 65 82 67 56 36 26 10 24 82 53 62 52 17 98 51 45 28 86 15 9 51 94 71 31 94 15 100 65 92 28 17 99 23 4 17 27 74 65 86 86 93 29 48 97 7 44 48 64 41 53 
47 72 23 96 7 37 15 81 72 43 44 42 97 30 73 7 48 68 100 91 18 62 11 51 76 48 80 9 11 10 40 77 71 79 21 92 66 56 85 5 42 96 33 14 74 26 37 4 10 5 62 68 5 16 29 80 62 99 92 95 41 1 64 43 42 66 86 98 28 36 64 72 81 82 59 44 78 42 70 54 64 89 92 60 6 85 74 24 32 69 84 100 99 30 87 84 27 95 42 21 29 100 46 13 70 76 4 30 1 6 65 62 79 89 6 24 39 75 7 39 19 95 81 20 5 60 15 80 99 46 97 71 68 42 61 8 98 80 36 64 92 17 44 82 35 98 6 16 80 66 24 27 68 37 92 47 40 25 91 56 42 23 45 50 2 27 69 82 64 14 7 38 61 45 67 14 20 31 77 89 66 11 56 36 33 79 12 71 41 33 91 86 50 52 62 60 46 93 71 8 
75 21 51 39 76 34 28 3 33 23 88 92 94 32 66 64 76 25 18 78 8 63 26 90 25 79 11 99 77 49 95 4 49 67 90 53 65 98 54 45 80 34 93 71 18 24 53 51 69 100 73 50 97 65 40 35 80 74 38 61 30 77 10 37 13 40 29 60 15 25 7 78 78 42 31 71 54 56 52 89 94 53 24 67 26 62 13 34 34 28 73 38 99 28 15 20 3 47 56 38 74 72 85 91 53 51 24 29 75 65 29 14 42 54 2 7 72 49 59 50 21 53 32 19 37 30 46 13 65 20 46 64 47 71 17 17 41 83 79 84 15 64 86 8 13 94 23 43 70 91 25 88 78 85 13 88 58 77 71 23 53 12 55 8 99 23 70 38 87 85 88 69 67 33 61 3 16 87 87 44 15 28 95 4 56 79 1 28 35 39 94 3 32 96 27 41 57 3 42 81 
44 23 27 15 83 30 23 75 71 68 79 80 62 69 85 100 15 16 62 18 99 57 53 54 76 70 87 26 3 57 69 21 76 88 56 50 74 79 78 48 6 96 67 13 25 96 47 22 21 94 51 34 42 43 20 24 68 52 47 29 82 2 18 80 57 91 20 97 12 79 65 94 59 48 5 5 77 63 65 66 52 36 3 49 14 81 2 6 100 82 3 7 97 29 92 27 68 65 47 78 27 100 59 29 77 28 29 15 52 97 60 75 96 86 40 33 25 28 41 42 74 22 34 17 10 100 29 76 1 65 51 12 9 86 67 20 16 56 63 96 40 94 87 37 50 11 66 51 45 12 11 21 1 57 3 13 42 47 99 91 57 67 29 12 6 49 33 76 43 79 12 100 93 24 34 87 17 97 73 68 3 32 23 76 2 91 61 45 76 76 10 79 46 71 64 92 27 76 33 57 
32 63 68 77 23 28 25 9 15 56 35 44 86 61 20 90 7 53 39 59 51 65 100 98 89 98 23 59 41 24 78 67 68 96 4 72 99 21 16 32 67 17 9 35 43 42 81 91 55 92 55 100 67 63 46 50 15 90 56 20 73 23 15 59 46 90 81 26 51 86 99 32 7 36 40 97 80 91 20 55 95 80 10 9 83 91 55 85 61 11 97 77 12 75 24 32 68 76 42 80 68 81 2 32 78 87 54 80 63 95 83 5 84 9 91 23 19 42 72 100 77 47 68 29 2 53 18 32 48 10 16 69 98 34 84 3 34 68 64 32 18 14 53 9 91 97 67 77 52 80 75 37 19 8 72 73 50 2 48 51 8 66 15 26 49 48 40 62 35 97 65 97 30 79 45 84 93 78 94 2 19 43 74 89 54 22 97 1 19 40 96 30 78 43 37 82 88 93 1 71 
54 15 38 18 44 93 9 94 74 13 11 26 18 38 17 91 58 42 16 4 35 55 80 54 1 62 61 62 41 15 29 43 70 87 48 32 63 31 32 47 32 81 41 75 4 47 86 28 16 42 86 70 80 9 52 57 26 63 55 91 95 30 23 34 75 95 45 75 51 40 31 1 70 87 93 70 92 21 94 31 24 17 48 80 97 34 98 19 13 11 68 89 94 26 14 50 68 47 61 79 29 39 60 59 4 54 58 31 59 86 93 78 85 85 29 17 89 34 39 67 30 90 35 73 43 64 71 41 57 72 15 74 81 17 9 72 56 29 12 74 38 36 65 93 13 85 38 57 16 88 31 76 58 9 74 59 6 75 95 5 61 19 10 84 47 38 97 38 61 80 18 10 22 40 29 49 31 79 71 75 1 42 63 66 82 96 89 55 7 63 20 88 7 62 32 34 27 36 84 100 
60 98 20 50 65 38 39 64 71 49 6 42 24 17 58 5 100 3 68 72 27 5 17 82 33 93 52 42 83 18 59 51 6 94 49 1 80 41 81 3 75 2 7 27 23 5 75 7 19 3 81 13 9 47 91 26 84 30 26 26 32 61 48 27 59 2 18 64 36 33 77 79 94 63 21 94 99 71 7 35 55 91 86 80 55 9 79 5 17 9 94 98 55 15 10 14 90 79 25 41 67 70 83 50 88 82 80 5 10 50 80 96 33 82 23 72 25 83 56 51 96 91 80 70 89 2 41 44 79 2 55 29 63 78 89 23 27 29 1 20 73 50 57 45 87 17 18 85 39 32 29 45 97 57 93 47 32 16 69 95 16 71 73 20 72 57 20 51 91 96 85 93 66 51 33 86 62 56 79 10 77 91 39 13 2 11 25 35 40 22 56 93 99 6 32 8 5 79 34 33 
68 99 17 78 25 4 37 66 11 81 1 37 79 66 63 27 6 78 55 35 31 59 100 11 36 52 68 78 31 85 26 16 55 74 66 23 47 32 35 82 97 95 62 52 41 38 11 9 10 6 44 43 79 35 33 67 44 74 1 15 76 91 23 94 61 78 87 74 86 32 26 76 91 27 24 39 23 56 28 24 27 63 38 56 20 31 21 28 51 58 35 2 29 83 87 7 1 92 18 76 58 69 42 39 76 22 35 76 40 43 95 88 79 40 67 63 47 1 64 8 93 14 60 15 37 20 16 42 2 17 81 68 37 84 51 6 42 52 25 41 70 94 24 60 95 51 48 55 16 69 97 65 15 72 50 31 5 33 39 34 99 78 85 87 55 87 56 61 90 8 10 7 49 76 63 47 16 30 78 15 39 33 89 7 72 86 62 22 98 23 22 63 38 21 19 66 6 61 93 34 
29 4 91 45 71 25 96 6 91 34 42 28 88 62 44 87 29 29 39 56 43 66 65 57 71 12 61 37 43 60 32 3 78 75 51 23 90 53 39 36 80 41 8 70 96 95 100 6 59 98 7 98 23 6 1 92 64 41 70 27 76 11 79 91 66 79 60 3 22 42 43 87 51 51 27 19 53 45 29 11 45 13 77 13 81 63 100 88 88 19 90 60 76 12 74 69 30 95 72 48 39 45 94 53 80 87 38 47 11 97 38 98 81 11 45 59 21 25 64 15 26 80 52 57 75 35 89 55 18 24 22 15 74 88 11 76 56 93 60 24 79 6 68 6 66 57 90 93 6 55 30 88 70 79 68 37 62 20 34 13 86 89 34 60 19 69 50 45 74 35 100 17 27 2 95 24 14 34 77 67 56 86 70 68 20 93 36 14 85 82 51 56 100 35 14 34 26 58 99 95 
41 1 48 89 84 83 28 87 44 47 53 33 53 23 90 66 88 20 38 1 53 7 17 41 35 28 52 85 5 95 81 10 71 1 77 100 37 23 11 76 86 25 53 38 37 44 30 37 93 81 40 7 35 53 43 73 76 59 23 59 26 94 54 19 89 65 47 7 35 63 23 21 81 16 92 24 9 99 65 84 63 18 94 36 57 49 76 6 17 36 88 99 20 40 9 98 28 48 100 65 84 21 78 97 75 93 74 33 28 7 3 57 39 97 35 92 6 97 95 37 61 92 89 44 74 90 73 71 33 25 64 25 51 84 22 26 28 49 83 3 11 62 89 53 67 3 82 73 28 70 15 13 21 82 55 29 38 73 6 7 55 94 51 34 60 10 37 79 7 99 91 69 38 29 100 14 5 44 39 77 28 13 85 26 19 82 99 88 19 89 4 23 57 72 56 37 98 31 39 69 
89 79 51 61 46 45 48 33 19 52 94 96 71 45 89 17 87 90 17 51 84 13 95 84 9 2 61 75 9 51 79 62 60 50 4 7 31 18 79 45 86 77 21 20 81 53 43 71 66 25 91 45 59 87 43 99 93 47 31 88 96 44 41 67 15 92 72 34 49 29 76 35 92 93 77 36 42 98 99 22 5 30 87 92 31 28 48 28 99 90 14 10 22 57 45 40 60 7 64 63 17 29 52 34 30 96 2 28 96 15 45 50 65 68 54 14 44 24 40 73 27 39 44 74 11 9 45 86 8 20 71 13 8 43 58 19 5 3 23 77 45 6 1 82 15 24 27 27 3 37 87 87 84 21 40 8 43 90 27 55 84 78 71 100 58 68 78 17 30 55 50 60 52 49 23 93 32 7 25 47 73 97 90 67 90 89 3 39 61 63 15 44 21 49 24 37 59 70 30 97 
29 12 77 51 38 92 98 3 5 45 51 84 75 8 86 59 71 12 21 90 65 62 66 98 61 23 76 32 65 91 67 80 34 58 85 22 81 55 53 80 31 89 93 46 94 47 43 55 66 87 64 79 15 94 70 7 56 12 56 93 88 41 76 30 86 97 35 41 23 31 44 38 16 13 22 38 71 61 66 93 20 28 89 25 30 36 53 11 67 51 80 23 100 4 79 59 37 56 75 73 63 83 65 39 77 11 95 62 7 69 94 59 89 75 35 39 89 38 74 94 65 94 44 22 32 36 32 27 47 85 39 79 58 48 42 92 38 100 53 16 64 63 100 87 39 85 26 34 31 24 29 87 29 20 32 86 75 64 24 40 86 54 41 19 27 33 37 51 34 20 20 96 61 5 91 54 42 41 72 15 53 85 45 69 49 29 12 11 78 87 82 50 32 55 84 48 46 18 46 20 
407
417
416
418
401
410
402
379
384
415
402
404
427
403
393
386
421
406
400
428
39 53 41 8 8 53 5 45 15 8 53 35 12 36 52 11 50 4 13 55 50 53 5 9 62 14 15 68 20 52 59 11 71 57 15 10 58 21 15 61 11 37 31 66 71 54 37 17 63 22 52 7 25 37 4 5 28 19 63 7 32 73 13 55 19 34 66 21 49 7 18 7 33 19 1 48 53 56 49 17 39 37 59 57 31 35 63 21 22 12 48 36 37 11 8 61 48 50 11 14 26 1 54 56 15 66 5 41 24 12 8 73 20 24 14 37 41 37 63 36 8 43 34 50 31 2 48 24 20 62 54 64 42 19 26 23 20 60 44 1 68 57 62 76 46 16 6 9 32 28 32 13 33 16 17 4 37 13 13 23 13 13 42 35 76 19 33 44 39 5 25 6 1 52 65 19 48 25 47 8 45 25 48 69 44 60 11 32 53 64 10 9 47 12 17 15 24 38 37 50 
32 36 72 67 28 46 29 35 8 61 35 9 7 56 45 5 60 48 58 36 11 7 11 11 20 37 27 23 51 41 17 72 10 15 32 54 36 8 5 47 47 64 1 53 1 53 60 10 46 69 56 24 72 41 68 50 16 56 19 36 43 11 4 2 13 51 28 15 53 44 56 41 24 39 21 51 68 28 63 35 11 14 56 55 51 48 40 35 26 31 23 25 49 40 23 53 50 4 48 11 53 28 56 1 27 20 62 22 13 39 26 37 7 12 2 46 29 42 29 39 11 38 40 16 31 7 1 27 42 31 13 25 34 43 40 40 11 18 20 13 26 55 30 26 40 4 18 29 5 7 23 48 26 29 40 47 73 57 26 6 14 46 50 52 19 72 11 31 52 65 66 49 16 37 45 50 8 47 15 50 6 58 30 36 49 5 33 27 5 45 45 70 41 24 43 33 16 48 61 74 
27 34 58 42 37 43 36 48 40 9 30 15 58 11 7 52 47 33 51 25 1 5 29 29 24 45 56 39 40 21 25 35 5 56 9 69 65 28 27 41 54 26 7 3 25 3 17 42 37 20 72 28 49 12 45 18 33 43 27 8 5 36 43 58 64 60 35 9 48 9 36 22 1 42 34 19 59 13 67 25 8 62 5 44 33 21 42 1 7 7 8 54 54 67 50 4 45 46 1 55 18 13 47 30 53 50 39 53 28 2 50 1 16 50 28 31 49 36 45 55 20 46 18 66 50 31 38 48 32 51 44 61 25 3 49 69 54 32 43 36 51 47 14 42 15 9 67 4 50 55 63 1 7 49 37 67 7 63 54 26 57 50 34 66 74 53 55 1 43 50 52 22 36 18 52 50 30 14 31 57 12 18 51 6 14 27 55 28 15 27 38 10 39 6 27 5 21 61 11 38 
54 41 13 13 69 15 16 73 41 28 48 4 47 11 58 29 35 1 19 33 42 44 63 35 9 17 23 48 56 26 10 71 22 12 56 47 37 58 56 32 33 20 70 57 32 20 6 19 71 67 28 38 28 62 70 45 27 13 23 53 25 22 15 56 63 16 2 16 37 26 23 31 15 46 42 18 7 32 7 2 36 12 33 1 30 55 55 68 44 31 19 38 72 45 13 33 32 35 2 6 30 23 61 54 75 1 12 46 45 54 74 33 66 30 14 75 28 17 12 23 23 53 39 6 50 73 25 72 28 30 49 4 43 26 33 41 27 7 21 9 5 37 6 31 70 42 49 55 56 30 72 29 61 15 62 44 12 49 11 52 40 56 45 55 53 37 43 27 55 42 8 40 42 15 11 53 5 17 44 25 52 39 29 53 34 39 30 13 30 6 37 23 4 73 9 20 4 1 29 56 
55 30 15 20 47 27 10 32 62 57 59 14 20 13 45 32 11 18 15 51 7 43 43 27 49 56 58 73 53 12 18 55 50 23 7 4 45 32 37 61 40 32 9 26 4 1 22 53 29 1 26 24 49 33 57 24 45 4 43 33 37 30 12 60 17 38 27 74 51 3 58 43 17 59 8 67 28 10 35 67 2 25 62 52 57 28 35 43 25 26 31 17 16 4 60 23 16 32 6 2 32 56 33 30 34 6 59 43 39 48 15 6 65 31 1 32 25 47 35 24 49 41 39 10 61 49 17 27 14 48 31 4 44 18 45 11 4 52 15 24 61 1 16 18 11 49 31 61 9 41 35 1 24 62 26 39 61 46 38 37 52 6 26 1 33 29 13 26 47 37 2 13 55 43 31 24 55 4 63 64 70 14 49 53 32 67 61 63 62 37 34 54 46 35 36 48 54 9 11 28 
9 32 67 37 42 58 27 30 50 37 5 38 3 11 53 32 6 48 26 44 39 14 6 16 16 38 50 5 37 49 51 67 52 33 13 38 71 9 51 17 70 52 14 38 18 42 9 42 27 28 50 25 31 19 37 11 38 26 30 54 46 44 44 51 8 33 27 62 46 15 5 75 2 16 24 52 8 62 10 28 33 14 37 31 42 3 44 39 52 65 67 43 6 40 59 27 28 42 34 16 40 22 10 69 46 59 55 55 36 24 24 62 10 51 28 5 15 46 46 56 20 58 17 35 2 18 46 59 9 27 45 44 44 21 26 37 39 19 54 36 35 29 17 44 34 27 2 41 37 8 35 57 48 25 33 58 36 21 26 26 40 65 26 15 23 8 6 4 37 24 9 45 71 18 3 27 1 60 10 49 10 63 12 15 13 11 27 47 74 39 38 53 38 25 41 17 20 55 29 33 
54 54 30 39 49 52 61 46 38 55 21 17 23 3 41 36 40 24 50 12 42 1 36 27 67 35 5 67 27 50 18 52 35 5 48 15 44 45 42 30 37 52 11 46 53 62 10 32 48 4 16 18 19 6 6 25 49 45 59 45 62 58 41 16 46 34 61 8 13 26 19 63 10 18 45 1 66 48 45 2 9 6 1 33 9 5 46 12 58 36 1 21 15 26 62 38 61 30 41 59 29 21 8 53 12 7 30 41 30 18 4 1 50 52 26 42 14 53 27 35 34 27 67 33 53 69 39 50 43 15 5 46 15 37 63 12 37 60 9 32 56 54 62 30 10 26 14 42 68 34 41 38 48 12 23 47 21 19 25 1 19 29 11 32 43 44 45 47 22 21 43 5 28 59 2 55 24 1 55 24 34 53 23 43 18 5 1 2 11 13 14 12 35 41 30 31 11 59 49 9 
63 1 38 8 46 1 29 39 21 9 25 23 34 29 19 66 54 22 29 35 6 10 5 27 30 20 12 6 27 10 7 34 33 16 22 63 50 63 47 49 15 61 7 40 26 6 10 45 5 55 28 54 4 17 4 59 4 5 17 48 28 23 46 11 30 34 44 8 63 9 21 49 4 49 7 9 67 15 16 68 12 43 49 39 47 31 33 13 5 68 38 18 1 31 58 16 14 1 16 10 16 46 46 44 56 33 51 48 55 15 21 42 48 29 46 29 29 30 40 29 11 51 52 34 9 23 35 9 33 32 28 46 65 57 30 49 59 22 49 6 40 5 20 26 43 48 40 25 12 18 13 66 6 27 25 54 11 23 56 51 52 40 15 46 41 12 5 11 17 32 66 25 39 36 23 53 12 57 55 15 7 4 47 52 44 10 65 30 4 12 9 34 45 33 4 23 39 8 73 62 
39 15 28 39 37 59 9 47 32 35 73 10 28 48 25 45 8 54 50 65 18 2 17 1 39 2 42 23 36 30 39 9 33 1 10 39 55 42 56 6 18 62 64 32 36 26 5 47 12 42 36 19 15 15 35 65 17 16 30 25 12 33 51 51 25 19 28 6 23 20 26 46 32 17 32 59 3 46 22 13 11 31 27 53 19 11 11 34 26 16 38 26 17 25 56 17 77 7 61 31 31 40 40 8 27 56 37 3 26 8 25 26 10 15 22 42 14 44 10 39 40 26 15 3 33 51 15 5 7 21 20 52 53 4 52 23 16 57 25 49 23 43 55 52 51 16 43 44 36 36 47 66 40 44 29 17 7 15 57 28 50 33 13 57 29 31 17 50 9 6 32 59 37 20 63 8 60 46 48 18 13 79 14 2 13 15 51 40 45 56 53 22 25 72 5 28 25 36 30 34 
34 53 16 61 4 25 10 60 40 25 32 26 52 19 37 4 38 43 50 54 12 36 7 26 59 27 52 6 6 7 20 50 40 46 12 49 36 29 65 3 28 50 18 11 55 18 25 3 6 4 32 46 3 11 18 42 47 67 53 75 32 1 39 33 33 45 60 53 16 23 33 39 46 49 30 24 58 31 53 40 34 49 47 46 5 58 42 15 20 38 49 70 61 16 53 65 19 73 29 16 20 52 26 9 36 46 2 22 1 4 35 31 45 47 4 14 31 39 5 30 10 67 63 11 3 37 11 61 63 36 68 44 42 22 39 6 50 61 28 44 70 11 28 59 25 61 4 9 61 43 13 19 48 25 53 37 21 16 47 37 28 16 31 28 1 20 36 65 46 11 5 29 35 24 34 10 14 21 49 64 39 7 31 25 17 43 9 56 29 23 50 46 32 40 35 33 24 60 54 5 
59 11 27 23 40 26 15 2 17 17 47 50 74 21 45 39 42 19 12 53 5 48 20 56 18 45 7 61 44 30 59 3 29 45 70 40 35 69 33 34 59 25 68 40 14 15 36 40 53 70 42 30 62 48 28 22 48 38 20 31 21 43 7 23 10 30 23 40 11 15 4 62 51 23 16 48 31 34 27 58 56 28 19 45 18 32 8 23 24 19 57 25 71 15 12 12 2 37 44 28 57 57 52 50 27 26 16 21 42 49 20 8 28 35 1 4 43 31 41 31 11 33 19 13 29 17 29 8 44 12 28 40 26 42 11 12 29 44 56 49 9 34 56 6 10 53 18 23 40 53 15 45 47 45 10 59 45 61 49 14 31 9 40 5 51 13 49 25 55 46 48 51 38 25 48 2 9 57 52 25 12 22 76 3 34 43 1 20 25 30 57 2 22 71 17 33 38 2 26 54 
33 14 20 11 43 23 15 46 37 54 61 43 33 44 59 53 9 9 44 11 64 42 30 34 46 36 52 14 2 35 49 14 52 49 41 36 52 44 48 28 3 63 50 10 16 54 36 16 11 59 40 25 32 25 12 19 35 33 35 20 51 1 9 42 36 67 11 61 8 47 37 75 46 36 3 3 56 36 44 41 29 22 2 32 9 57 1 4 60 53 2 4 64 16 63 19 54 42 28 40 17 65 35 23 57 15 23 12 33 50 38 38 52 51 27 18 20 19 25 29 57 13 20 10 6 51 20 45 1 44 28 9 7 51 38 11 10 40 37 55 24 50 65 23 28 6 41 38 23 8 8 11 1 39 2 8 24 31 52 66 30 45 21 9 5 38 19 44 31 45 8 60 60 12 21 57 11 71 50 36 2 22 18 48 1 62 47 28 53 44 7 60 32 46 49 71 21 44 17 31 
20 43 39 47 13 16 16 7 10 31 21 28 48 49 16 57 5 39 26 47 30 47 59 52 62 51 17 35 32 14 62 51 52 67 3 53 55 15 10 22 37 13 5 20 23 32 54 57 32 68 42 58 49 48 29 37 8 70 35 15 55 15 8 42 32 50 42 18 27 49 61 16 5 27 32 51 52 64 13 44 60 63 6 7 49 49 37 67 44 6 70 61 9 60 17 24 36 54 29 60 51 48 1 17 42 44 35 59 32 52 42 3 48 6 55 16 15 21 42 62 44 30 45 15 1 29 12 24 26 6 8 37 55 20 62 2 24 49 48 25 12 9 33 6 72 51 43 39 37 42 52 27 10 4 42 47 25 1 24 27 4 45 9 17 37 33 29 40 28 52 52 54 20 46 26 48 72 55 49 1 14 22 51 48 41 13 54 1 15 24 63 16 46 27 19 45 60 72 1 36 
38 12 27 11 23 54 6 51 53 8 7 17 12 28 10 63 40 30 12 2 27 37 45 40 1 34 48 42 31 9 19 30 36 68 26 22 40 19 19 34 17 44 23 53 3 33 45 16 11 28 45 55 54 5 41 39 18 35 33 48 73 21 14 22 59 70 29 54 41 31 22 1 49 64 49 43 53 15 74 24 16 9 33 58 60 18 75 10 7 6 43 62 73 14 10 27 45 27 42 59 20 31 37 41 3 36 42 21 36 57 58 48 43 52 16 10 57 20 27 34 19 71 26 54 25 33 40 31 32 40 11 45 54 9 5 53 42 19 8 45 29 26 37 61 8 67 29 34 8 61 17 42 38 7 48 39 3 46 66 3 43 14 6 44 27 22 56 28 47 63 14 6 12 26 16 32 21 43 49 55 1 23 37 49 41 68 46 31 5 46 14 60 5 41 19 25 15 21 57 63 
37 52 12 34 37 20 24 34 42 27 3 22 15 11 32 4 63 2 35 47 21 4 11 60 26 57 26 30 63 13 34 33 4 53 38 1 52 29 41 2 50 2 5 21 15 3 41 4 10 2 64 9 5 29 71 15 48 20 18 15 18 46 37 20 33 2 12 48 22 22 52 40 50 46 12 56 70 39 4 21 29 52 52 54 34 7 40 3 12 6 51 57 32 11 5 9 49 45 19 22 44 43 56 26 62 44 56 4 5 25 50 75 23 51 13 52 16 65 29 37 58 68 46 55 51 1 23 23 41 1 39 16 45 62 49 15 20 15 1 12 49 32 42 28 57 12 13 54 27 23 18 34 67 42 67 34 17 11 37 48 8 52 39 15 43 34 10 29 53 67 61 64 51 32 21 64 49 30 60 7 58 61 24 7 1 6 18 27 29 11 38 74 55 5 24 5 3 62 25 25 
50 64 10 53 17 3 27 44 7 62 1 27 59 41 45 20 4 43 29 19 21 33 58 8 26 41 51 49 17 66 16 10 29 56 51 18 34 16 21 43 61 62 32 36 28 24 8 6 6 5 25 29 42 28 22 42 31 48 1 12 39 70 18 59 47 41 62 40 61 23 20 47 62 18 16 29 12 40 15 15 19 50 21 32 14 22 15 17 37 39 19 1 17 65 68 4 1 54 10 54 38 37 23 23 59 17 20 55 21 32 55 60 58 24 40 40 35 1 49 6 66 11 45 10 25 11 10 27 1 12 48 46 21 51 40 3 22 34 15 28 52 66 15 34 65 29 30 41 10 40 57 33 11 49 34 22 3 20 25 25 72 54 50 68 35 69 42 45 61 4 7 4 28 59 48 28 9 21 49 10 26 17 52 4 51 65 32 13 58 16 16 45 22 11 12 39 5 45 67 27 
16 2 54 28 44 17 50 5 60 21 22 19 66 47 29 58 16 15 20 40 23 50 39 39 51 8 35 23 34 46 20 2 50 57 31 18 60 32 23 28 43 28 5 49 70 61 65 4 38 64 5 52 18 5 1 56 49 27 44 15 47 7 43 53 49 56 33 2 12 28 24 69 34 34 14 11 35 35 20 8 28 7 52 10 41 46 54 46 56 12 71 31 43 8 48 53 15 67 38 33 26 36 66 31 52 46 21 37 7 73 21 66 58 8 24 31 14 19 38 8 15 50 30 35 52 27 54 40 12 14 15 11 55 45 7 50 37 51 48 12 47 4 49 5 44 34 65 49 4 43 18 47 43 50 35 28 37 14 27 7 68 54 25 41 10 52 39 24 43 20 57 10 19 1 67 12 11 24 48 47 32 56 45 42 13 61 19 9 60 46 31 31 56 27 8 26 13 39 56 52 
33 1 34 57 54 55 21 67 22 25 31 25 35 12 51 40 64 14 19 1 39 5 14 21 20 18 28 57 3 56 56 6 36 1 45 76 24 12 6 59 69 18 32 22 21 25 17 20 73 57 22 4 26 32 31 58 61 37 13 37 18 68 32 12 60 44 33 4 18 40 18 14 55 11 64 14 5 75 47 50 35 9 54 29 45 25 48 3 11 18 46 67 10 31 5 57 17 36 59 52 42 14 40 67 49 63 38 24 21 4 2 37 26 73 22 70 5 77 60 19 45 67 64 35 53 59 49 49 21 13 46 15 30 65 17 15 19 33 50 2 6 46 70 41 51 2 47 38 19 54 12 8 11 55 32 15 24 40 4 5 36 56 30 25 44 7 28 43 5 61 46 45 19 18 52 10 3 25 26 54 17 9 66 15 10 54 59 69 11 69 2 13 30 53 32 21 68 16 25 37 
66 60 33 45 24 32 38 21 15 37 54 75 36 31 62 9 48 50 9 33 57 8 74 43 5 1 40 40 5 36 55 48 37 36 3 5 16 11 59 35 66 56 14 14 59 34 25 53 44 16 65 26 31 56 26 56 74 33 20 45 68 23 30 41 11 66 42 27 35 21 50 25 46 74 44 19 21 57 79 11 3 19 61 71 20 19 28 18 51 61 7 6 15 43 35 28 34 4 45 43 10 23 29 21 18 53 1 15 52 9 23 39 42 36 28 7 31 16 25 50 17 21 26 42 7 6 31 64 5 11 37 7 4 27 34 11 4 2 16 44 32 5 1 59 11 12 15 20 2 21 53 61 47 16 28 6 31 45 17 32 66 39 54 65 41 54 60 11 24 42 40 44 36 29 16 62 17 4 16 28 45 49 52 39 70 53 2 24 46 48 10 29 16 25 15 28 32 41 24 70 
17 7 61 39 30 54 59 2 3 35 38 65 48 5 55 45 47 8 11 69 35 44 52 62 37 14 52 25 33 55 52 48 24 32 57 11 58 42 27 63 24 62 63 30 56 31 30 33 43 59 32 40 11 53 40 4 34 6 28 58 50 27 44 21 48 55 26 32 14 25 29 24 11 7 12 24 53 38 45 49 11 21 61 15 17 27 27 6 49 38 44 16 61 2 58 36 26 29 52 52 38 51 41 27 51 6 54 45 5 39 72 44 60 39 27 27 47 27 53 54 50 71 32 14 17 28 19 19 27 45 20 56 43 38 28 72 24 56 32 10 39 46 58 69 26 53 16 18 24 13 20 49 22 12 16 55 56 48 13 23 43 43 32 12 16 24 27 38 20 13 14 60 37 3 58 37 26 28 43 9 34 63 27 43 30 23 8 7 58 61 46 28 25 38 64 26 27 9 27 12 
81 116 94 17 14 129 15 111 34 20 120 61 25 67 132 21 122 7 29 113 88 105 8 17 105 35 23 125 38 108 114 20 126 107 30 22 125 36 26 121 19 57 73 110 143 118 57 43 127 50 112 17 60 97 9 10 45 34 125 12 83 131 29 111 42 63 150 43 109 16 32 14 93 35 2 88 136 109 131 32 82 93 115 101 80 94 108 36 43 30 113 93 94 21 16 111 96 107 23 40 67 2 86 114 24 111 13 117 59 30 19 116 57 55 31 84 66 91 139 78 22 92 77 121 65 3 127 48 32 126 105 103 98 45 53 48 42 114 84 2 130 101 122 134 124 43 11 17 91 64 84 27 59 39 33 8 61 22 28 59 26 23 67 81 133 41 62 114 65 14 57 14 2 115 113 48 114 52 109 14 83 73 108 145 106 124 21 76 102 113 19 17 102 21 33 33 58 70 64 92 
76 71 130 116 58 95 82 81 16 113 63 17 18 140 80 11 124 92 127 69 23 12 21 25 33 98 56 48 127 111 36 125 17 38 87 128 95 14 13 74 79 130 2 105 2 110 106 26 102 125 89 41 119 76 120 100 42 94 49 69 86 22 8 6 29 130 65 29 110 83 118 102 55 66 33 85 136 71 112 56 24 22 107 119 126 89 74 71 53 68 49 47 87 92 41 101 85 7 100 22 110 59 105 2 67 41 123 42 24 85 54 73 12 28 4 87 71 72 53 81 18 70 77 30 57 14 3 76 87 88 36 61 88 90 82 80 22 41 42 26 65 145 74 69 100 9 43 79 12 12 39 87 45 66 95 114 139 99 43 17 30 84 93 101 44 118 20 67 105 114 111 112 42 73 90 123 17 119 35 98 14 111 59 70 125 14 88 44 11 103 117 107 82 59 116 84 39 115 139 117 
72 56 117 75 75 75 99 101 103 19 59 31 127 28 14 112 97 84 109 61 3 10 77 76 39 73 141 82 86 61 47 70 10 102 17 115 130 67 60 81 106 63 12 7 43 5 28 106 100 48 120 50 93 23 72 44 84 113 44 17 9 76 82 105 144 102 88 22 72 24 72 55 2 94 74 29 108 24 111 66 19 105 9 81 82 47 80 2 12 14 20 94 103 126 78 8 104 99 2 89 43 28 88 71 109 116 103 107 73 3 80 2 32 94 63 52 107 100 74 84 44 78 39 119 93 79 85 108 61 102 115 128 52 5 111 135 104 58 93 62 134 106 34 114 31 18 138 9 114 119 107 3 14 109 100 132 13 130 119 56 95 89 79 131 113 84 116 2 101 112 112 47 73 46 142 87 78 32 62 115 29 33 140 16 23 47 105 58 27 51 85 24 95 13 46 10 55 145 23 71 
96 106 23 26 117 40 29 141 116 64 75 7 82 20 126 77 63 2 46 74 64 81 106 84 18 33 47 85 141 66 19 129 51 21 108 117 71 122 125 80 53 43 117 113 81 41 14 47 115 123 66 82 50 121 140 94 55 30 52 98 48 45 28 109 133 36 4 42 75 48 43 76 33 116 95 41 18 66 17 5 90 23 58 2 65 113 121 125 107 73 40 68 134 78 28 87 82 65 4 13 63 51 129 113 128 2 23 93 132 109 128 75 123 67 34 126 46 33 20 55 56 118 80 14 112 133 53 141 54 61 90 8 86 51 83 94 55 17 48 19 11 79 13 79 130 72 101 88 141 56 125 54 112 31 123 79 26 100 24 129 99 125 111 110 92 89 79 77 103 95 17 87 75 31 18 97 12 30 116 48 127 75 51 142 68 81 51 22 52 12 69 53 8 137 20 43 10 3 66 93 
111 61 26 38 110 64 19 66 96 92 111 29 42 28 87 61 23 45 32 100 16 114 80 45 127 102 127 140 104 25 46 98 143 56 16 10 91 67 64 103 87 68 15 46 10 3 53 97 49 2 61 46 81 80 123 55 100 10 102 63 60 70 29 100 48 73 47 143 117 5 127 126 38 144 17 128 76 26 56 123 4 60 117 128 126 67 71 72 59 45 77 44 30 10 116 41 41 70 10 3 85 124 75 73 67 11 122 124 85 87 29 11 126 82 3 61 49 80 82 60 81 89 61 25 116 80 27 51 36 93 67 10 91 49 83 22 7 109 29 36 139 3 33 41 25 86 81 104 23 93 78 2 47 124 40 69 104 106 78 78 110 11 46 3 55 65 24 56 121 59 4 36 101 91 79 51 97 10 130 122 120 28 85 97 57 124 116 116 115 80 63 104 81 80 84 91 113 21 22 57 
19 61 123 105 79 101 68 67 119 76 10 74 6 23 124 67 12 108 63 96 96 33 15 35 34 78 115 12 76 99 126 111 100 82 32 70 125 22 98 42 132 127 30 74 38 70 18 106 54 68 89 63 57 32 82 19 85 54 78 116 106 79 74 122 17 84 55 117 121 33 15 141 5 30 41 103 14 119 19 57 80 28 85 62 106 5 125 98 104 114 130 104 17 74 113 51 57 96 64 35 83 46 16 123 108 126 123 103 94 59 42 106 24 133 54 13 28 99 100 112 49 104 38 70 5 49 75 138 18 46 83 108 86 53 63 75 100 43 92 68 67 43 38 86 63 46 4 99 57 17 87 106 110 67 71 123 69 48 57 67 89 123 64 26 54 16 15 10 74 40 21 80 139 41 8 52 2 140 21 92 25 122 26 28 26 23 63 85 133 79 72 118 92 53 109 41 44 118 70 96 
124 125 61 81 127 88 119 78 67 102 46 36 58 5 80 84 95 60 112 25 99 2 70 64 130 84 12 121 45 111 43 108 75 11 92 37 75 107 87 67 85 108 30 76 122 111 16 63 133 9 41 46 39 11 13 61 128 107 113 87 145 120 80 33 79 55 127 17 30 66 38 135 25 52 111 3 122 92 83 5 19 16 3 83 23 10 81 26 102 74 3 40 35 67 117 94 127 76 100 110 52 47 18 117 21 14 72 82 69 43 9 2 135 106 41 71 34 134 70 64 68 41 116 67 115 126 85 102 112 28 10 99 41 100 132 27 70 103 23 78 124 103 131 60 19 67 32 95 139 53 97 90 124 20 47 122 41 35 44 3 40 65 26 58 101 90 79 90 55 49 89 12 65 100 6 140 43 2 100 50 79 108 59 104 48 13 2 4 23 26 31 19 89 97 63 53 19 143 102 19 
139 2 74 19 84 3 55 79 52 18 68 44 75 59 37 110 130 64 72 66 9 21 10 64 62 43 24 15 71 25 18 69 72 27 57 120 105 106 88 112 37 130 19 106 61 10 20 111 12 92 54 130 8 40 6 110 9 11 28 121 54 57 86 25 54 78 73 18 111 16 45 108 7 125 14 17 134 31 41 110 28 97 100 106 118 77 83 28 9 108 65 35 3 73 111 35 28 3 33 16 28 93 99 103 110 52 91 96 97 28 50 100 104 49 119 64 82 54 81 70 24 119 105 56 19 54 80 22 61 75 73 101 123 146 57 109 91 40 143 15 95 10 36 55 89 117 73 67 27 34 25 108 15 59 52 114 22 43 127 99 106 70 29 126 79 27 13 22 35 67 138 44 75 63 43 96 26 108 99 35 15 7 108 113 111 24 138 68 7 29 21 55 124 54 9 61 86 19 121 125 
89 36 63 112 86 118 19 102 60 73 127 23 46 83 54 93 19 122 93 123 41 5 41 3 99 3 92 39 83 73 85 22 68 2 18 84 103 86 91 14 32 140 115 81 88 57 12 106 31 72 68 50 28 38 60 113 37 29 50 50 24 83 118 108 55 48 60 15 44 36 52 85 85 36 78 103 6 85 58 25 21 81 68 111 49 25 17 100 65 38 78 42 34 69 100 36 149 12 120 53 69 96 99 17 72 97 63 6 62 21 47 67 27 31 43 73 28 85 18 105 81 65 29 8 65 121 24 12 17 52 58 96 95 6 131 54 37 107 71 95 52 71 126 87 100 35 95 98 74 64 79 112 86 75 47 38 14 29 109 78 90 68 21 128 70 62 36 114 22 12 68 139 98 46 124 18 122 83 138 34 22 122 33 6 22 36 110 83 120 107 119 36 63 129 10 60 65 82 52 76 
60 97 33 124 10 48 19 117 90 54 64 53 140 44 108 9 59 96 142 111 25 86 16 74 98 71 98 11 15 14 52 106 90 100 28 134 98 70 120 7 63 116 47 17 110 32 45 5 12 6 88 94 7 22 35 106 75 120 130 139 57 2 84 63 54 96 111 120 37 52 84 91 105 117 77 63 96 53 95 70 88 108 136 88 8 107 102 30 41 85 108 149 129 43 108 108 36 115 55 26 36 150 62 18 96 94 6 42 2 9 94 84 115 120 8 34 54 110 10 57 28 135 116 29 7 79 21 114 121 64 136 87 91 51 87 12 119 96 46 94 131 22 60 120 50 132 8 24 118 80 34 40 94 47 136 64 52 33 116 67 54 28 59 61 3 33 103 122 92 18 9 52 80 62 86 21 25 44 95 125 86 16 80 45 40 116 17 87 59 49 120 124 61 72 91 76 62 122 93 10 
102 28 73 54 99 43 42 4 41 33 113 119 139 47 82 89 108 33 26 110 11 94 35 128 30 101 16 130 112 70 135 5 71 86 117 70 80 141 73 61 107 42 124 93 24 33 73 74 84 124 103 65 131 91 56 49 115 93 53 83 42 109 12 48 18 52 39 74 20 33 10 108 111 57 38 85 78 79 67 128 117 65 34 92 35 81 18 45 46 35 99 52 139 39 22 27 4 60 70 57 98 105 114 126 70 62 33 35 95 85 37 17 59 68 3 10 103 71 71 61 27 66 39 26 50 43 61 19 84 29 68 78 59 100 23 25 59 107 105 119 19 95 109 11 18 130 34 54 91 129 31 124 99 106 19 109 72 106 103 31 65 18 67 11 145 32 92 53 130 112 116 85 99 45 74 4 22 123 112 64 21 40 129 6 72 113 2 34 48 52 120 4 41 124 40 58 70 4 60 119 
65 34 36 21 103 43 33 90 90 100 95 117 75 101 111 132 21 23 81 22 135 84 72 65 108 102 122 33 4 70 90 31 110 127 74 69 106 114 94 61 8 134 81 18 35 126 57 29 31 130 65 44 51 62 24 35 88 64 59 41 101 2 24 100 78 121 25 132 16 115 83 135 74 71 7 7 94 89 89 81 63 52 4 64 19 106 3 8 140 119 4 10 132 39 119 40 93 97 61 102 34 133 73 37 101 34 35 22 73 144 84 95 119 119 51 42 37 41 57 62 105 29 41 24 14 122 37 102 2 97 62 18 12 104 87 25 21 75 92 122 54 129 130 55 60 16 95 76 67 17 16 26 2 83 4 19 56 58 147 121 74 84 37 17 9 63 49 101 53 101 17 128 126 36 48 120 22 142 90 92 4 45 34 106 3 120 85 60 100 93 13 105 67 95 88 130 39 112 41 81 
39 87 95 114 33 35 32 12 22 74 51 62 116 88 29 124 10 73 49 83 66 84 134 137 127 134 34 84 53 32 117 88 100 120 5 88 126 30 23 40 91 25 13 45 60 58 107 120 77 137 71 145 84 77 62 70 20 113 81 26 92 28 22 71 55 129 106 38 73 111 145 48 9 51 53 127 109 131 28 67 120 113 13 12 120 129 81 117 78 14 123 101 16 96 30 44 101 113 51 116 98 101 3 40 102 110 77 108 90 121 108 7 115 12 130 29 24 52 108 143 111 68 86 39 3 71 26 47 63 12 22 100 141 45 113 4 46 84 80 43 27 18 75 13 133 139 88 102 74 114 96 51 24 11 105 107 69 3 61 63 11 88 22 37 72 62 51 76 46 143 81 130 42 108 66 118 113 96 135 3 27 64 108 128 73 31 117 2 28 56 116 36 108 53 51 121 109 130 2 96 
76 21 54 26 55 139 13 137 95 18 14 36 26 50 22 133 75 58 20 5 42 71 106 76 2 79 78 82 56 18 40 55 93 123 66 41 84 38 45 70 41 111 52 92 6 67 128 36 20 58 112 91 113 13 67 80 32 83 79 135 142 37 31 50 107 124 61 102 63 57 37 2 99 116 118 96 137 28 114 46 33 22 64 119 139 46 143 27 17 16 96 113 137 37 17 64 99 65 90 106 35 52 85 75 5 68 82 38 73 118 119 117 120 122 41 22 133 41 52 99 40 120 48 98 64 80 86 55 80 94 22 95 114 22 13 98 74 40 15 107 49 46 82 119 18 116 49 72 20 114 43 93 76 12 107 74 9 102 119 7 77 26 13 101 68 48 136 56 90 105 25 14 27 54 37 68 41 111 106 91 2 63 94 95 99 139 125 67 9 86 28 125 9 92 39 45 35 50 123 125 
77 141 26 65 81 49 57 86 92 67 7 51 34 21 84 7 121 4 100 100 37 6 25 110 47 136 68 55 117 25 77 75 8 120 61 2 108 60 106 4 106 3 10 38 31 7 96 9 26 4 103 19 11 57 136 32 108 45 38 34 48 87 62 35 74 3 27 80 50 42 98 99 118 90 31 136 143 98 9 47 67 117 126 116 73 13 109 7 22 13 127 121 70 22 14 21 119 109 34 58 85 99 113 74 122 110 105 6 15 66 113 143 45 101 31 87 33 104 76 64 126 109 106 100 119 3 53 53 95 3 75 36 82 101 127 32 36 43 2 24 90 69 83 63 118 24 23 118 58 42 35 62 132 74 134 64 40 23 87 128 23 100 106 30 95 76 28 67 128 134 116 119 84 74 43 106 86 70 96 13 111 136 52 18 3 16 33 52 56 31 79 120 123 7 44 10 7 109 50 46 
82 127 21 94 35 6 52 94 15 103 2 48 104 93 88 36 8 100 71 52 44 88 138 15 52 75 84 96 38 126 36 23 73 99 83 32 62 45 46 98 135 136 90 67 50 50 15 12 12 9 56 59 99 50 43 86 61 104 2 22 97 130 31 120 83 113 118 102 121 48 38 96 113 34 31 50 33 67 37 29 37 94 48 81 29 38 30 39 71 84 49 3 42 101 126 9 2 126 24 109 75 88 56 50 114 29 49 100 60 59 142 129 106 58 81 85 67 2 80 12 136 21 77 20 46 25 24 60 2 21 104 102 47 117 63 8 56 70 35 55 86 136 33 74 125 63 59 80 22 87 124 93 20 89 65 43 6 46 48 46 126 112 114 122 81 120 72 81 111 10 13 10 68 102 88 58 24 43 94 21 48 46 107 9 96 108 87 28 140 33 30 93 51 26 25 91 9 89 123 46 
36 6 131 57 95 36 121 8 135 44 51 38 123 88 58 113 42 40 55 72 62 86 84 74 96 15 88 50 64 89 40 4 104 101 75 34 129 67 51 48 120 54 10 91 142 123 134 8 85 147 9 132 30 8 2 121 83 51 98 39 94 14 100 117 91 111 80 4 31 57 52 128 71 72 33 26 72 59 36 15 59 17 111 16 100 87 133 124 111 24 113 74 97 17 110 92 38 120 102 67 55 56 117 72 118 123 52 70 15 131 48 145 112 15 63 75 25 32 93 21 38 105 69 70 110 46 116 81 26 32 29 19 104 113 16 96 81 130 85 30 106 8 95 8 95 72 120 128 9 72 37 128 101 102 92 51 83 27 46 17 121 108 48 88 26 101 70 55 97 43 136 21 36 3 133 32 18 43 93 86 77 119 92 90 24 113 49 17 121 117 72 77 126 43 17 45 34 84 122 114 
61 2 71 117 116 109 39 126 57 61 72 49 66 32 116 85 111 29 47 2 68 9 22 55 44 41 72 120 7 119 106 12 89 2 113 135 52 28 14 101 126 30 65 52 47 60 42 45 120 117 54 10 46 72 55 97 106 72 33 78 32 135 76 25 114 92 66 10 45 87 32 30 107 21 114 33 11 135 90 117 88 25 117 50 73 61 102 9 25 45 114 131 24 55 13 144 38 60 121 88 112 30 104 130 99 139 92 43 39 10 4 81 58 120 51 123 9 137 132 48 90 112 120 60 94 109 97 101 49 34 83 35 68 120 29 37 40 66 103 4 15 75 124 75 100 4 103 93 39 84 18 16 30 101 82 36 49 90 8 10 77 133 75 51 75 12 53 99 9 138 132 89 53 43 131 21 7 60 56 112 35 19 121 32 25 107 133 113 26 117 6 31 72 107 83 53 132 39 53 97 
129 106 75 87 60 62 71 49 28 76 116 139 93 58 132 24 111 134 24 72 102 18 115 125 12 3 84 102 11 62 113 75 86 64 5 10 42 25 96 65 124 97 27 25 119 70 53 88 79 32 127 65 82 109 56 132 113 65 42 108 134 59 59 90 21 119 107 41 72 42 111 44 114 133 101 52 58 142 129 31 6 38 115 137 42 35 68 36 144 123 19 14 28 85 67 56 74 10 85 91 22 40 66 51 43 131 3 42 126 19 59 73 88 98 80 19 59 34 50 89 33 51 62 109 14 11 59 116 12 24 92 19 10 56 83 27 7 4 29 113 62 9 2 112 22 31 36 34 4 46 112 113 126 30 49 11 62 116 39 81 113 105 100 124 80 100 99 25 39 74 67 84 66 67 29 120 41 10 36 58 98 125 135 82 132 108 4 58 90 78 20 54 29 72 33 47 85 101 42 134 
38 15 113 71 47 122 142 4 6 56 63 104 94 12 106 86 89 18 28 122 93 92 88 134 81 32 103 39 84 110 93 115 45 82 112 26 102 67 76 108 46 133 114 58 117 68 61 68 92 110 88 117 20 131 89 10 79 17 83 115 111 50 110 45 107 131 51 52 34 46 65 48 19 17 30 52 93 86 85 135 24 42 120 31 43 50 72 15 90 74 117 28 148 6 114 82 47 69 94 89 86 121 88 55 103 14 124 78 9 98 140 75 123 92 51 54 115 46 92 131 82 124 64 31 44 45 41 36 64 119 51 98 72 60 51 121 54 149 75 22 79 81 125 121 55 109 35 45 44 34 36 127 36 26 44 109 99 93 31 55 105 81 57 26 34 47 51 68 41 26 24 137 79 6 110 70 51 53 88 22 74 106 55 97 60 39 17 14 117 108 118 70 38 71 118 70 66 25 60 30 
