20 100
81 137 999 102 136 36 118 61 325 995 137 196 63 105 56 497 74 240 57 192 119 500 76 115 191 44 997 328 325 249 165 990 193 242 12 82 495 245 990 91 60 495 69 82 93 109 1000 994 73 328 134 191 61 249 492 34 32 991 40 192 993 159 13 123 998 68 494 163 94 70 67 66 36 494 103 328 999 122 323 132 190 998 87 325 163 45 58 135 26 70 34 159 56 27 332 54 198 48 244 61 
248 992 49 162 199 323 34 101 247 997 249 497 23 68 90 326 328 47 33 132 32 991 196 198 22 49 35 122 244 243 246 58 490 120 196 995 329 163 136 246 330 190 995 110 330 55 82 491 199 12 119 141 75 53 104 160 108 59 36 121 247 79 43 74 140 192 159 330 991 327 995 326 16 108 497 64 198 101 993 44 332 59 81 495 117 191 73 995 20 993 992 49 245 28 94 996 991 323 28 71 
31 24 499 244 323 194 159 73 24 26 60 164 34 331 494 194 494 33 49 46 993 60 48 132 73 991 328 136 996 93 45 122 326 110 163 51 40 994 116 46 496 88 991 994 42 325 993 326 56 326 999 115 495 97 25 18 499 245 328 58 325 84 16 39 28 50 158 996 95 74 24 138 196 13 75 491 41 492 996 3 15 49 199 496 33 24 32 50 16 998 997 28 105 332 498 991 246 28 94 82 
196 493 247 197 107 20 46 240 247 247 38 495 48 38 81 54 124 29 243 48 55 991 1000 324 91 70 999 96 996 991 193 194 196 63 27 248 498 242 247 190 56 164 240 326 59 193 47 40 96 250 139 51 75 26 58 20 194 132 249 241 115 41 997 992 110 98 191 248 50 165 32 194 73 498 34 991 72 64 77 40 490 121 49 991 494 34 194 50 493 245 121 994 327 57 41 24 323 97 52 95 
22 199 165 194 134 110 247 60 994 245 23 105 89 58 90 75 329 30 993 124 60 58 245 34 246 35 498 242 27 328 101 91 324 33 121 49 331 54 36 118 94 993 196 46 996 34 998 243 240 115 497 995 86 328 994 327 324 13 27 87 23 92 34 40 89 107 36 241 139 240 246 96 106 122 156 53 87 158 190 109 494 499 119 164 197 116 495 161 21 110 200 90 62 81 37 244 40 164 994 161 
990 140 84 67 104 996 52 74 244 106 88 193 498 94 198 492 496 165 995 329 29 56 158 324 196 998 99 83 40 194 139 324 138 327 164 103 56 61 17 999 493 328 21 62 42 66 86 86 135 493 37 161 28 137 493 194 323 56 498 327 490 37 73 63 162 328 44 996 60 327 196 161 43 997 247 25 86 44 243 82 132 77 993 498 331 497 197 194 332 8 198 248 164 328 994 193 328 33 492 157 
164 40 249 61 100 327 115 162 25 26 994 991 122 51 107 106 133 491 13 80 62 328 490 163 495 323 47 133 160 243 198 42 326 68 493 494 38 65 116 60 40 44 43 22 106 30 99 497 33 324 70 26 162 40 133 247 27 115 164 53 330 996 110 991 997 88 997 94 80 244 499 56 57 8 191 99 23 990 492 164 999 499 243 31 132 53 22 42 492 193 44 330 326 89 51 116 991 23 248 67 
195 331 992 117 74 165 326 138 164 999 329 326 45 991 190 74 92 51 199 491 329 69 193 60 196 324 999 246 323 40 24 997 59 120 999 490 32 20 990 496 498 246 75 124 38 993 120 163 47 331 190 136 198 323 992 76 993 134 997 243 137 323 490 199 243 26 106 27 330 497 194 124 41 37 198 136 21 78 240 156 76 493 134 244 992 326 55 165 497 995 57 27 115 156 70 81 104 38 332 104 
49 492 78 109 110 67 493 141 163 162 496 195 993 248 324 242 495 64 76 118 17 26 51 96 137 67 70 990 55 165 105 71 195 63 159 108 41 241 95 998 990 490 159 28 160 999 493 329 18 119 119 55 244 499 997 38 67 998 991 44 117 196 17 197 31 92 32 48 84 40 135 25 4 56 115 991 140 79 134 326 117 36 496 243 326 495 34 67 498 37 159 68 41 323 50 106 498 28 141 17 
245 324 158 993 25 106 71 33 102 46 69 157 33 15 241 326 132 500 996 13 329 120 90 243 330 991 193 66 55 87 193 58 72 8 42 137 22 75 330 52 193 494 999 326 45 103 69 56 990 992 1000 23 69 27 243 123 104 81 40 328 161 191 99 329 494 165 241 141 103 31 494 329 33 68 82 241 139 495 993 77 191 89 332 991 56 62 495 162 333 62 120 43 49 195 159 195 330 123 491 97 
75 63 91 40 31 141 73 250 194 64 60 104 161 992 17 64 331 241 88 191 25 162 157 157 242 77 39 99 326 34 52 135 67 195 85 99 193 34 244 247 139 248 138 157 90 240 78 35 19 122 242 48 994 88 104 16 119 21 41 162 82 45 136 4 116 121 325 123 93 195 160 190 249 241 101 242 80 992 124 159 69 495 97 193 997 34 990 52 80 95 246 105 110 159 161 493 249 50 497 46 
110 66 998 28 98 27 138 102 37 70 70 163 191 105 46 24 325 95 77 197 195 75 491 29 192 249 63 328 53 123 160 993 99 97 996 158 56 328 118 86 35 241 160 327 196 46 190 118 36 81 194 498 87 41 990 102 990 37 84 110 499 134 79 71 159 192 246 87 105 110 38 244 37 108 98 163 108 59 162 197 330 69 27 496 39 100 48 65 54 327 997 51 35 198 81 82 329 24 123 134 
498 190 38 248 247 45 198 90 328 64 497 45 109 493 497 499 1000 994 491 21 116 493 996 57 490 196 990 24 89 998 132 27 490 116 124 76 333 199 95 66 496 36 63 94 59 28 107 120 124 998 110 52 192 992 158 138 499 141 137 61 58 1000 75 163 90 59 19 51 994 39 331 49 132 498 330 161 997 50 33 105 992 25 89 491 5 493 993 17 999 141 195 163 494 994 38 249 991 246 326 996 
94 51 22 325 45 53 122 327 324 330 83 49 68 997 37 18 133 326 65 75 19 93 332 117 108 48 135 328 191 242 491 35 328 161 81 246 330 328 89 327 157 331 244 998 157 493 73 121 193 81 330 492 55 35 163 51 117 73 28 990 992 245 68 242 73 115 16 82 494 240 162 73 246 87 240 494 992 47 191 328 110 42 496 998 82 493 190 240 43 46 81 42 66 40 60 331 498 73 118 246 
139 135 68 323 65 37 996 246 327 197 244 115 139 77 492 159 329 56 246 998 70 496 999 48 68 9 21 52 494 496 37 996 89 999 325 105 199 498 71 61 35 79 108 243 998 90 91 248 104 56 158 249 36 25 332 246 59 135 996 161 42 69 124 496 163 994 109 104 998 241 82 992 141 196 123 120 198 28 499 32 329 996 46 73 116 102 110 20 16 63 72 80 82 324 31 999 991 497 116 190 
994 65 21 35 49 84 494 250 248 81 491 54 993 17 66 42 498 44 993 119 40 1000 164 492 109 69 156 330 497 164 136 333 197 45 48 491 493 78 134 29 40 162 36 85 109 50 995 80 76 197 33 998 132 993 55 26 35 198 158 106 40 990 997 89 21 139 330 67 323 990 121 15 59 136 70 244 120 195 42 493 76 191 997 118 329 164 325 991 135 64 992 28 60 62 90 331 77 491 325 998 
326 998 325 492 25 30 46 50 331 497 25 77 7 67 164 156 33 191 993 47 123 242 119 132 64 43 105 39 102 332 74 122 85 31 161 240 40 165 197 198 240 159 496 99 25 492 996 323 19 86 97 55 74 26 990 120 197 164 497 96 495 81 136 72 96 249 43 108 136 196 134 192 27 498 190 107 248 46 101 100 500 994 325 110 490 106 81 109 249 325 73 82 199 993 199 158 110 119 195 331 
990 50 498 124 74 54 497 162 495 28 38 118 137 81 995 993 158 138 249 193 995 66 193 157 66 45 495 68 190 38 139 99 158 103 162 118 97 60 249 992 242 1000 81 999 66 117 244 327 122 49 30 73 491 993 324 132 991 997 132 70 159 990 45 141 71 992 996 157 491 20 331 49 76 111 108 140 36 249 39 195 45 190 136 62 40 23 248 91 122 245 22 57 135 84 999 82 91 162 996 243 
498 493 86 997 50 118 493 242 135 248 29 27 242 85 73 57 47 991 75 49 30 997 493 101 61 68 110 491 325 117 996 98 23 101 32 323 69 73 26 993 159 121 191 121 991 57 190 494 990 139 241 244 117 193 118 68 35 330 52 499 997 45 31 42 242 243 162 497 61 107 199 75 495 65 994 34 990 66 491 123 990 491 22 245 58 491 138 324 19 99 991 999 490 96 331 64 137 994 110 68 
88 490 45 328 159 191 42 499 195 36 63 69 84 118 116 163 57 78 162 496 102 328 80 141 81 78 93 327 995 192 109 496 62 198 65 54 165 192 135 246 106 90 88 44 244 23 81 198 996 246 88 47 93 7 48 490 75 86 123 190 999 492 74 64 66 84 324 41 26 99 85 52 60 65 196 24 63 161 490 999 192 76 195 51 116 136 58 15 199 58 121 158 491 248 997 16 82 323 92 994 
11 7 1 9 7 27 8 15 3 1 7 5 14 9 17 2 12 4 16 5 8 2 13 8 5 19 1 3 3 4 6 1 5 4 45 11 2 4 1 10 15 2 13 11 10 9 1 1 13 3 7 5 14 4 2 27 26 1 23 5 1 6 50 8 1 14 2 6 10 13 14 14 24 2 9 3 1 8 3 7 5 1 11 3 6 18 16 7 36 14 23 6 16 32 3 17 5 18 4 14 
4 1 18 6 5 3 25 9 4 1 4 2 31 13 10 3 3 18 25 7 30 1 5 5 36 20 24 8 4 4 4 15 2 8 5 1 3 6 7 4 3 5 1 9 3 17 12 2 5 48 8 7 13 18 9 6 9 16 27 8 4 12 19 13 7 5 6 3 1 3 1 3 47 9 2 14 5 9 1 22 3 15 11 2 8 5 13 1 47 1 1 17 4 33 10 1 1 3 31 13 
26 29 2 4 3 5 6 13 38 34 16 6 26 3 2 5 2 26 19 18 1 16 17 7 12 1 3 7 1 10 20 8 3 9 6 17 23 1 8 18 2 11 1 1 19 3 1 3 16 3 1 8 2 10 28 42 2 4 3 15 3 11 59 21 27 17 6 1 10 13 36 7 5 47 13 2 20 2 1 91 54 18 5 2 26 35 30 19 40 1 1 28 9 3 2 1 4 33 10 12 
5 2 4 5 9 35 20 4 4 4 22 2 18 24 11 16 8 28 4 18 16 1 1 3 10 13 1 10 1 1 5 5 5 14 33 4 2 4 4 5 17 6 4 3 15 5 18 21 10 4 7 19 12 32 15 37 5 7 4 4 8 21 1 1 9 10 5 4 19 6 28 5 12 2 26 1 13 14 12 23 2 8 18 1 2 27 5 18 2 4 8 1 3 16 22 35 3 10 17 10 
39 5 6 5 7 9 4 16 1 4 31 9 11 16 10 12 3 26 1 8 16 16 4 23 4 22 2 4 35 3 9 10 3 26 8 19 3 16 27 8 10 1 5 19 1 26 1 4 4 8 2 1 11 3 1 3 3 47 27 11 32 10 23 24 11 9 22 4 7 4 4 10 9 8 6 16 11 6 5 9 2 2 8 6 5 8 2 6 40 9 5 11 15 12 21 4 22 6 1 6 
1 7 11 13 9 1 18 12 4 9 11 5 2 10 5 2 2 6 1 3 28 15 6 3 5 1 10 11 23 5 7 3 7 3 6 9 17 15 44 1 2 3 35 15 23 14 11 11 7 2 25 6 27 7 2 5 3 16 2 3 2 23 12 14 6 3 22 1 15 3 5 6 20 1 4 35 11 19 4 12 7 12 1 2 3 2 5 5 3 67 5 4 6 3 1 5 3 26 2 6 
6 21 4 16 10 3 8 6 31 37 1 1 8 18 9 9 7 2 43 12 14 3 2 6 2 3 20 7 6 4 5 23 3 14 2 2 21 14 8 16 20 22 20 38 9 28 10 2 23 3 13 28 6 20 7 4 32 8 6 17 3 1 9 1 1 11 1 10 11 4 2 17 17 53 5 10 32 1 2 6 1 2 4 30 7 18 33 20 2 5 20 3 3 11 18 8 1 35 4 14 
5 3 1 8 13 6 3 7 6 1 3 3 20 1 5 13 10 18 5 2 3 13 5 16 5 3 1 4 3 22 33 1 16 8 1 2 29 45 1 2 2 4 12 8 22 1 8 6 20 3 5 7 5 3 1 12 1 7 1 4 7 3 2 5 4 29 9 29 3 2 5 8 21 22 5 7 32 12 4 6 12 2 7 4 1 3 17 6 2 1 15 29 8 6 13 11 9 22 3 9 
18 2 12 9 9 14 2 7 6 6 2 5 1 4 3 4 2 15 12 8 41 28 19 10 7 13 14 1 16 6 9 13 5 15 6 9 20 4 10 1 1 2 6 27 6 1 2 3 52 8 8 17 4 2 1 24 13 1 1 22 8 5 49 5 30 10 29 18 11 20 7 31 75 15 8 1 7 12 7 3 8 23 2 4 3 2 25 13 2 21 6 14 21 3 17 9 2 29 7 40 
4 3 6 1 31 9 13 28 9 20 13 6 25 57 4 3 7 2 1 53 3 8 10 4 3 1 5 13 16 11 5 16 13 54 19 7 36 13 3 18 5 2 1 3 21 9 13 16 1 1 1 40 13 32 4 8 9 12 21 3 6 5 10 3 2 6 4 7 9 29 2 3 29 13 11 4 7 2 1 12 5 11 3 1 17 15 2 6 3 15 8 20 17 5 6 5 3 8 2 10 
12 15 10 21 30 7 13 4 5 14 15 9 6 1 54 15 3 4 11 5 37 6 6 6 4 12 21 10 3 23 17 7 14 5 11 10 5 28 4 4 7 4 7 6 10 4 12 24 37 8 4 17 1 11 9 46 8 41 20 6 12 19 7 81 8 8 3 8 10 5 6 5 4 4 9 4 12 1 8 6 13 2 10 5 1 27 1 18 12 10 4 9 9 6 6 2 4 19 2 19 
9 14 1 27 10 35 7 9 22 14 13 6 5 9 19 29 3 10 12 5 5 12 2 29 5 4 15 3 17 8 6 1 10 10 1 6 16 3 8 11 25 4 6 3 5 21 5 8 26 11 5 2 11 20 1 9 1 22 11 9 2 7 12 13 6 5 4 11 9 9 25 4 21 9 10 6 9 15 6 5 3 13 35 2 23 10 19 15 18 3 1 19 24 5 12 12 3 29 8 7 
2 5 21 4 4 22 5 10 3 14 2 21 9 2 2 2 1 1 2 35 8 2 1 17 2 5 1 37 11 1 7 31 2 8 8 13 3 5 10 13 2 26 14 10 15 27 9 8 8 1 9 17 5 1 6 7 2 7 7 15 16 1 13 6 10 15 45 17 1 22 3 18 7 2 3 6 1 18 24 9 1 28 11 2 63 2 1 37 1 7 5 6 2 1 21 4 1 4 3 1 
10 19 38 3 18 17 8 3 3 3 11 17 14 1 22 46 7 3 15 12 37 10 3 8 9 17 7 3 5 4 2 25 3 6 12 4 3 3 11 3 6 3 4 1 6 2 12 8 5 12 3 2 16 26 6 19 8 12 26 1 1 4 14 4 13 8 39 12 2 4 6 12 4 11 4 2 1 20 5 3 9 23 2 1 11 2 5 4 19 20 12 20 13 21 15 3 2 12 8 4 
7 7 13 3 15 24 1 4 3 5 4 8 7 12 2 6 3 15 4 1 14 2 1 17 14 57 39 18 2 2 21 1 11 1 3 9 5 2 13 15 25 12 9 4 1 10 10 4 9 16 6 4 26 32 3 4 16 7 1 6 20 14 8 2 6 1 9 9 1 4 11 1 7 5 8 8 5 33 2 24 3 1 20 12 8 9 9 35 40 15 13 11 12 3 27 1 1 2 8 5 
1 15 43 23 17 11 2 4 4 12 2 17 1 49 14 19 2 21 1 8 21 1 6 2 9 14 6 3 2 6 7 3 5 20 19 2 2 12 7 27 21 6 22 11 9 17 1 11 12 5 24 1 7 1 16 28 25 5 6 9 21 1 1 11 37 7 3 14 3 1 8 39 15 7 13 4 8 5 20 2 12 5 1 8 3 6 3 1 7 15 1 26 15 15 10 3 12 2 3 1 
3 1 3 2 28 27 18 17 3 2 29 12 58 13 6 6 28 5 1 20 8 4 8 7 15 20 9 23 9 3 12 8 11 26 6 4 21 6 5 5 4 6 2 10 29 2 1 3 45 11 10 17 13 35 1 8 5 6 2 10 2 11 7 13 10 4 22 9 7 5 7 5 28 2 5 9 4 20 9 10 2 1 3 9 2 9 11 9 4 3 13 11 5 1 5 6 9 8 5 3 
1 18 2 8 13 16 2 6 2 28 24 8 7 11 1 1 6 7 4 5 1 14 5 6 13 21 2 13 5 22 7 10 6 9 6 8 10 15 4 1 4 1 12 1 13 8 4 3 8 17 27 13 2 1 3 7 1 1 7 13 6 1 21 7 13 1 1 6 2 43 3 19 12 9 9 7 22 4 23 5 19 5 7 15 23 39 4 10 8 4 31 17 7 11 1 12 10 6 1 4 
2 2 11 1 19 8 2 4 7 4 30 29 4 11 12 15 20 1 13 18 32 1 2 9 14 13 9 2 3 8 1 10 30 9 24 3 14 13 29 1 6 8 5 8 1 17 5 2 1 7 4 4 8 5 8 13 22 3 16 2 1 20 27 19 4 4 6 2 14 9 5 13 2 14 1 25 1 13 2 8 1 2 39 4 16 2 7 3 38 10 1 1 2 10 3 14 7 1 9 14 
11 2 21 3 6 5 19 2 5 23 14 14 11 8 8 6 16 12 6 2 9 3 11 7 12 12 10 3 1 5 9 2 15 5 14 16 6 5 7 4 9 10 11 19 4 41 12 5 1 4 11 20 10 57 19 2 12 11 8 5 1 2 12 15 14 11 3 20 37 10 11 16 15 15 5 39 15 6 2 1 5 12 5 18 8 7 16 45 5 15 8 6 2 4 1 38 12 3 10 1 
50
48
91
42
47
67
53
45
75
57
81
43
63
46
57
49
58
43
39
57
6 5 1 7 5 18 5 10 2 1 5 3 10 5 11 1 9 2 10 4 4 1 9 5 3 15 1 2 2 3 3 1 3 2 26 7 1 2 1 7 8 1 8 7 6 5 1 1 8 2 4 3 7 3 1 16 16 1 12 4 1 5 30 5 1 9 1 4 6 7 10 10 13 1 6 2 1 5 2 4 3 1 7 2 4 13 12 5 20 9 16 3 13 25 2 11 3 13 2 9 
2 1 13 4 3 2 15 5 2 1 3 2 20 7 7 2 2 12 15 5 17 1 3 4 25 14 14 5 2 3 3 12 1 6 4 1 2 4 4 2 2 3 1 6 2 12 9 2 3 31 5 5 8 11 7 4 6 12 20 5 3 10 10 7 5 3 5 2 1 2 1 2 37 7 2 10 4 6 1 13 2 9 8 1 6 3 7 1 38 1 1 13 3 19 6 1 1 2 18 10 
18 19 1 2 2 3 4 10 19 19 9 4 17 2 1 3 1 16 12 13 1 9 13 4 7 1 2 5 1 7 15 4 2 6 5 13 13 1 6 11 1 8 1 1 12 2 1 2 9 2 1 6 1 8 16 26 1 2 2 10 2 6 37 12 14 10 5 1 5 7 22 4 3 28 8 1 12 1 1 55 29 12 3 2 20 19 18 11 29 1 1 19 5 2 1 1 2 23 6 7 
3 1 3 3 7 23 14 3 3 2 12 2 12 15 7 12 5 17 3 14 9 1 1 2 7 8 1 8 1 1 3 4 3 8 17 2 1 3 3 3 9 4 2 2 11 3 11 11 8 3 4 10 9 18 8 28 4 5 2 3 6 15 1 1 7 5 3 2 10 4 15 3 9 1 18 1 9 10 7 12 1 5 13 1 1 19 3 12 1 2 6 1 2 10 15 22 2 6 12 7 
30 3 4 3 5 6 2 9 1 3 20 5 7 9 6 8 2 15 1 6 10 13 2 14 3 11 1 2 21 2 6 8 2 16 5 10 2 12 18 4 6 1 4 11 1 19 1 2 3 5 1 1 8 2 1 2 2 30 19 7 16 5 14 18 8 5 15 3 5 3 3 8 5 5 3 12 8 4 3 6 1 1 6 4 3 5 2 4 23 5 4 9 12 8 13 3 13 3 1 4 
1 4 6 10 6 1 11 9 2 5 8 3 1 8 3 1 1 5 1 2 15 12 5 2 4 1 6 8 16 3 5 2 5 2 4 7 13 9 23 1 1 2 21 10 17 9 8 8 5 2 20 4 20 5 1 3 2 9 1 2 2 17 9 11 4 2 15 1 10 2 3 4 14 1 2 27 8 11 3 9 4 8 1 2 2 1 4 4 2 36 3 2 4 2 1 3 2 13 2 3 
3 11 2 8 8 2 6 4 25 20 1 1 6 11 5 5 4 1 33 10 8 2 1 3 2 2 15 5 4 3 3 18 2 8 1 2 16 8 5 9 15 12 14 21 6 15 6 1 18 2 10 17 4 15 4 2 25 6 4 10 2 1 7 1 1 9 1 7 6 3 2 9 11 37 3 6 22 1 1 4 1 2 2 21 5 12 20 15 1 4 15 2 2 8 14 5 1 19 2 7 
4 2 1 5 8 4 2 5 4 1 2 2 14 1 3 10 5 14 3 1 2 10 3 12 3 2 1 2 2 15 19 1 8 5 1 1 21 29 1 1 1 3 8 6 15 1 5 5 10 2 4 4 3 2 1 8 1 4 1 3 4 2 1 4 3 21 7 18 2 2 4 4 13 12 4 5 16 6 2 4 8 1 5 2 1 2 13 5 1 1 10 15 5 4 8 6 7 17 2 7 
13 1 7 5 5 10 1 4 4 4 1 3 1 2 2 3 1 12 9 5 23 21 11 6 5 8 9 1 12 5 6 8 3 10 3 6 13 3 7 1 1 1 3 14 3 1 1 2 39 6 5 12 3 1 1 15 8 1 1 12 6 3 37 3 21 6 18 11 6 10 4 20 45 12 5 1 5 7 4 2 6 16 1 3 2 1 15 10 2 13 3 9 14 2 13 6 1 20 4 29 
2 2 5 1 22 6 9 21 6 15 10 4 16 39 3 2 5 2 1 39 2 6 6 3 2 1 4 9 12 8 3 10 9 34 11 5 20 7 2 10 4 2 1 2 16 6 9 11 1 1 1 31 7 18 3 5 5 7 12 2 4 4 7 2 1 4 2 5 7 15 1 2 16 9 7 3 5 1 1 9 3 6 2 1 13 10 1 4 2 12 4 11 11 3 4 4 2 5 1 8 
8 9 7 12 22 4 7 3 3 7 12 5 3 1 43 9 2 3 6 4 21 4 4 3 2 8 16 5 2 13 13 5 7 3 6 7 4 14 3 3 5 2 4 4 7 3 10 16 21 6 3 13 1 8 6 25 5 24 16 4 8 10 4 51 6 5 2 6 8 4 5 4 3 3 6 2 10 1 5 3 8 1 5 3 1 14 1 10 7 7 2 6 7 3 4 2 3 11 1 12 
7 10 1 17 8 20 5 5 18 10 9 4 4 7 12 17 2 7 9 3 3 9 1 18 3 2 9 2 11 5 4 1 6 8 1 4 9 2 6 7 15 2 5 2 3 13 3 6 20 8 4 1 7 12 1 7 1 14 6 5 1 5 9 10 5 3 2 6 5 5 17 3 16 5 6 4 6 10 4 4 2 9 22 1 15 6 10 10 11 2 1 11 16 4 8 9 2 15 5 4 
2 3 16 3 3 15 3 6 2 9 1 16 5 1 1 1 1 1 1 22 6 1 1 13 1 4 1 24 6 1 4 24 1 5 5 10 2 3 6 9 2 16 10 7 12 16 5 4 5 1 5 9 3 1 4 5 1 5 5 11 12 1 7 4 5 9 26 14 1 15 2 12 6 2 2 4 1 12 13 6 1 17 7 1 50 1 1 19 1 5 4 4 2 1 12 2 1 3 2 1 
7 10 23 2 10 10 5 2 2 2 6 11 8 1 17 26 4 2 10 7 26 8 2 4 6 10 4 2 3 3 1 20 2 4 8 3 2 2 6 2 4 2 3 1 3 1 8 4 3 8 2 1 10 14 4 15 4 8 16 1 1 2 8 2 10 4 22 9 2 2 5 7 2 9 2 1 1 12 3 2 7 13 1 1 6 1 4 2 15 10 7 10 7 17 11 2 1 9 5 2 
5 6 8 2 9 19 1 3 2 3 2 6 5 8 1 3 2 8 2 1 9 1 1 11 11 32 31 13 1 1 12 1 8 1 2 5 3 1 10 9 14 8 5 2 1 6 6 3 5 13 4 2 15 24 2 2 13 5 1 3 15 8 4 1 3 1 6 6 1 2 7 1 4 3 6 5 3 22 1 15 2 1 11 7 5 6 7 26 29 10 10 7 9 2 17 1 1 2 5 3 
1 11 23 13 11 7 1 3 2 6 1 11 1 28 9 13 1 14 1 5 12 1 3 1 7 8 5 2 2 3 6 2 3 11 12 1 1 8 4 20 16 5 17 8 7 9 1 8 7 3 17 1 4 1 12 15 18 4 4 7 16 1 1 7 25 5 2 11 2 1 5 27 11 4 9 3 6 3 14 1 8 3 1 4 2 4 2 1 5 10 1 15 8 12 7 2 7 1 2 1 
2 1 2 1 19 20 11 9 2 1 21 6 35 9 4 4 17 4 1 13 6 2 6 5 12 12 6 15 7 2 8 5 7 17 3 2 14 4 3 4 2 3 1 6 16 1 1 2 33 7 8 13 8 24 1 5 3 5 1 8 1 8 5 7 6 3 11 7 5 4 5 4 20 1 3 6 3 13 7 7 1 1 2 5 2 5 8 6 3 2 7 7 3 1 4 4 7 5 3 2 
1 12 1 6 8 10 1 4 1 20 18 5 5 7 1 1 3 4 3 3 1 7 3 4 7 12 1 9 4 11 4 6 5 5 4 4 6 11 3 1 3 1 9 1 7 5 3 2 6 11 18 8 1 1 2 4 1 1 5 8 4 1 14 5 10 1 1 3 1 23 2 14 7 6 6 4 14 2 15 3 11 3 4 9 17 21 3 7 5 3 16 12 5 6 1 9 7 5 1 3 
2 1 9 1 11 4 2 2 5 3 19 16 2 6 6 12 15 1 9 14 20 1 1 5 7 10 7 2 2 4 1 8 17 6 14 2 8 7 19 1 4 6 3 5 1 13 3 1 1 5 2 3 5 4 6 8 16 2 12 1 1 11 21 12 3 3 4 1 9 5 4 9 1 11 1 20 1 8 1 5 1 1 30 3 13 1 5 2 19 5 1 1 2 6 2 10 4 1 5 9 
7 1 14 2 4 3 13 1 4 13 9 10 7 6 6 4 9 7 5 1 7 2 9 4 7 8 7 2 1 3 5 1 11 3 8 9 4 4 4 3 7 8 7 15 3 30 9 3 1 2 8 11 5 43 12 1 7 7 5 4 1 1 9 10 9 6 2 14 26 6 7 10 11 10 3 28 9 5 1 1 3 7 3 11 5 4 10 36 3 10 6 3 1 3 1 24 8 2 6 1 
14 10 2 11 9 38 11 19 4 2 9 6 20 11 23 2 16 6 20 7 11 2 17 12 7 23 2 4 4 6 9 2 6 5 57 13 3 5 2 12 18 3 19 15 14 13 2 2 17 4 9 6 20 6 3 34 33 2 34 7 2 9 65 10 2 18 3 8 14 16 19 19 35 3 11 4 2 12 4 9 6 2 16 4 9 26 23 9 50 19 32 8 22 43 4 21 7 22 5 21 
5 2 25 9 7 4 37 12 5 2 6 3 44 19 14 4 4 25 33 10 38 2 7 6 50 26 35 10 6 5 5 19 3 11 6 2 4 8 9 5 4 7 2 13 4 23 18 3 7 71 11 10 16 23 11 8 11 23 33 11 6 17 26 17 9 7 7 4 2 4 2 4 68 12 3 20 7 12 2 31 4 20 15 2 11 6 18 2 66 2 2 22 5 43 12 2 2 4 41 18 
38 38 2 6 4 7 7 16 55 44 22 8 31 4 3 7 3 38 26 27 2 20 23 9 16 2 4 10 2 14 25 10 4 12 8 25 29 2 10 22 2 15 2 2 25 4 2 4 22 4 2 10 3 12 37 62 3 5 4 21 4 14 73 31 40 21 8 2 15 17 54 8 7 58 16 3 26 3 2 136 72 27 7 3 37 47 38 26 54 2 2 34 11 4 3 2 5 48 15 16 
7 3 5 7 11 48 29 5 5 5 31 3 24 31 15 22 10 35 5 26 21 2 2 4 13 16 2 12 2 2 6 7 7 20 40 5 3 6 5 7 24 9 6 4 20 6 22 28 14 5 10 23 18 42 19 52 7 9 5 6 11 28 2 2 13 13 7 5 26 8 41 7 15 3 32 2 18 17 15 30 3 12 23 2 3 35 6 23 2 5 11 2 4 20 30 42 4 15 21 15 
56 7 8 7 10 11 5 20 2 6 41 12 15 24 14 16 4 33 2 10 21 23 6 30 5 28 3 5 52 4 13 14 4 33 11 24 4 20 40 11 14 2 6 25 2 38 2 5 5 10 3 2 14 4 2 4 4 64 37 14 39 14 28 29 13 12 33 5 10 5 5 14 13 10 8 23 13 9 6 12 3 3 11 9 6 10 3 8 53 13 7 16 21 17 28 5 32 9 2 8 
2 8 15 17 11 2 25 15 5 13 16 6 3 14 7 3 3 8 2 4 42 21 9 4 6 2 12 16 29 7 10 4 10 4 8 12 25 18 56 2 2 4 45 22 31 19 15 16 9 3 32 7 35 9 2 7 4 20 3 4 3 33 17 17 8 4 30 2 21 4 6 7 24 2 5 47 15 27 6 17 9 16 2 3 4 3 7 7 4 86 7 5 8 4 2 6 4 37 3 8 
8 31 5 24 13 4 10 8 46 50 2 2 10 25 13 11 10 3 53 17 18 4 3 9 3 4 29 9 8 6 7 31 4 19 3 3 27 18 12 19 27 28 25 51 11 40 15 3 33 4 17 40 7 26 8 5 42 10 8 24 4 2 11 2 2 16 2 15 14 5 3 21 24 68 7 14 42 2 3 8 2 3 6 42 10 24 48 25 3 7 24 4 4 15 24 12 2 46 6 18 
7 4 2 11 16 7 4 10 7 2 4 4 27 2 7 19 15 25 6 3 4 18 7 23 7 4 2 5 4 29 46 2 21 11 2 3 37 64 2 3 3 5 16 11 32 2 10 9 27 4 6 9 6 4 2 17 2 10 2 5 8 4 3 7 5 37 13 40 4 3 7 11 29 26 6 10 46 15 5 8 18 3 10 6 2 4 20 8 3 2 21 41 10 9 17 15 13 30 4 13 
27 3 17 12 12 17 2 10 8 9 3 7 2 5 4 5 2 21 16 10 54 37 27 12 10 16 20 2 22 8 12 19 6 21 8 13 25 5 14 2 2 3 7 36 8 2 3 4 77 12 12 21 5 3 2 34 16 2 2 30 11 7 65 7 40 14 39 26 15 28 9 44 90 22 10 2 10 15 10 4 11 33 2 6 4 3 36 16 3 28 8 17 27 4 22 11 2 40 8 50 
5 4 7 2 39 13 18 36 12 25 18 7 36 77 5 4 10 3 2 74 4 10 13 6 4 2 7 18 23 14 6 23 17 79 27 9 48 19 4 24 7 3 2 4 31 12 18 21 2 2 2 49 19 42 6 11 12 15 30 4 7 7 14 4 3 8 5 10 13 38 3 4 38 17 16 6 9 3 2 15 6 15 4 2 22 22 3 7 4 22 11 29 24 7 7 6 4 10 2 13 
18 18 13 29 40 10 18 6 7 18 22 11 8 2 80 18 4 6 14 6 46 8 9 9 5 15 29 13 4 30 21 10 20 7 14 13 7 40 6 6 10 6 10 9 13 6 17 33 48 12 5 25 2 16 12 64 11 52 29 8 16 24 8 119 12 10 4 10 13 7 8 7 6 6 13 5 15 2 10 9 17 2 13 7 2 36 2 22 15 14 6 11 12 8 7 3 6 24 2 26 
11 21 2 36 13 43 9 11 32 20 16 8 7 12 24 43 4 12 16 7 6 17 3 41 7 5 21 4 22 10 8 2 14 15 2 9 20 4 11 15 35 5 8 4 6 29 6 12 35 16 7 3 16 27 2 11 2 28 15 13 3 8 16 19 8 7 5 14 11 11 31 5 27 11 12 8 12 20 8 6 4 18 49 3 29 14 24 18 27 4 2 25 35 7 17 15 4 43 12 9 
3 7 26 6 5 32 6 14 4 19 2 27 13 3 3 3 2 2 3 45 12 2 2 22 2 6 2 47 16 2 10 41 3 12 12 17 4 7 14 18 3 34 21 13 21 36 13 10 10 2 13 22 7 2 8 9 3 10 10 21 23 2 18 8 14 22 66 22 2 28 4 22 10 3 4 7 2 22 33 13 2 38 14 3 89 3 2 47 2 10 7 8 3 2 30 5 2 5 4 2 
12 24 48 4 22 21 10 4 4 4 13 25 18 2 32 57 10 4 22 18 48 14 4 12 13 21 9 4 7 6 3 31 4 8 16 6 4 4 14 4 8 4 5 2 9 2 16 10 7 15 4 2 22 33 9 28 11 16 37 2 2 6 20 5 18 12 55 18 3 6 8 18 5 14 6 3 2 26 6 4 11 33 3 2 15 2 7 5 25 25 15 29 18 28 21 4 3 15 10 6 
9 10 16 4 19 35 2 5 4 7 6 10 10 18 3 8 4 22 5 2 18 3 2 22 19 75 49 26 3 3 26 2 15 2 4 12 6 3 17 21 32 16 13 5 2 14 13 6 12 20 9 6 32 44 4 5 20 10 2 7 27 19 10 3 9 2 11 13 2 5 14 2 10 7 12 11 7 44 3 34 4 2 30 17 11 13 11 52 50 18 18 14 17 4 33 2 2 3 11 6 
2 22 63 28 21 15 2 6 6 17 3 23 2 72 17 28 3 29 2 10 25 2 9 3 12 19 8 4 3 9 9 4 7 29 24 3 3 15 10 33 27 8 28 14 13 20 2 14 17 7 29 2 10 2 23 36 35 7 9 11 31 2 2 15 53 9 4 20 4 2 10 48 20 10 17 6 12 7 27 3 15 7 2 10 4 8 4 2 10 19 2 31 19 22 14 4 18 3 4 2 
4 2 4 3 41 36 24 21 4 3 42 16 77 18 9 9 41 6 2 30 10 6 12 9 21 26 11 29 12 4 15 11 14 33 8 5 27 7 6 7 6 9 2 13 42 3 2 4 56 15 14 21 18 48 2 12 7 8 2 14 3 16 9 18 14 6 27 12 9 6 9 7 40 3 7 12 6 27 13 13 2 2 4 13 3 11 14 11 6 4 19 16 6 2 7 8 12 10 6 4 
2 24 3 10 16 22 3 8 3 35 35 10 10 14 2 2 8 9 5 6 2 18 7 8 18 31 3 18 7 27 9 13 8 11 9 11 15 22 5 2 6 2 15 2 16 11 5 4 11 22 39 19 3 2 4 10 2 2 10 17 8 2 30 9 19 2 2 9 3 53 4 23 17 11 12 9 33 5 31 6 28 7 10 22 32 58 5 14 10 6 45 24 9 16 2 18 15 8 2 5 
3 3 14 2 27 12 3 6 9 6 43 41 6 14 16 19 28 2 18 25 40 2 3 12 19 16 13 3 4 10 2 14 44 11 30 4 17 16 37 2 8 11 6 11 2 24 6 3 2 10 5 6 10 6 10 19 27 4 22 3 2 25 35 24 6 6 8 3 18 13 7 18 3 19 2 32 2 16 3 11 2 2 55 5 21 3 10 4 53 13 2 2 3 13 4 20 10 2 11 17 
14 3 30 4 7 7 28 3 7 28 20 19 13 12 11 8 19 15 8 3 12 4 14 10 18 18 13 4 2 7 12 2 18 7 21 20 9 6 9 5 11 13 15 23 5 50 16 7 2 5 13 29 12 70 23 3 16 16 10 6 2 3 18 20 19 15 4 28 49 14 14 19 21 20 7 53 20 7 2 2 7 17 7 27 11 9 20 57 7 20 10 8 3 5 2 55 15 4 12 2 
